 37.4786181  -122.1437017  -28.141  33219659
 37.4786181  -122.1437017  -28.143  33219659
 37.4786181  -122.1437017  -28.142  33219659
 37.4786182  -122.1437017  -28.138  33219659
 37.4786182  -122.1437017  -28.142  33219659
 37.4786182  -122.1437017  -28.146  33219659
 37.4786182  -122.1437017  -28.136  33219659
 37.4786182  -122.1437017  -28.126  33219659
 37.4786182  -122.1437017  -28.13  33219659
 37.4786182  -122.1437017  -28.13  33219659
 37.4786182  -122.1437017  -28.129  33219659
 37.4786183  -122.1437017  -28.124  33219659
 37.4786182  -122.1437017  -28.121  33219659
 37.4786182  -122.1437017  -28.12  33219659
 37.4786182  -122.1437017  -28.121  33219659
 37.4786182  -122.1437017  -28.121  33219659
 37.4786183  -122.1437017  -28.116  33219659
 37.4786183  -122.1437017  -28.117  33219659
 37.4786182  -122.1437017  -28.115  33219659
 37.4786182  -122.1437017  -28.116  33219659
 37.4786183  -122.1437017  -28.117  33219659
 37.4786183  -122.1437019  -28.118  33219659
 37.4786183  -122.1437019  -28.119  33219659
 37.4786183  -122.143702  -28.124  33219659
 37.4786184  -122.1437023  -28.122  29068603
 37.4786185  -122.1437029  -28.109  29377532
 37.4786185  -122.1437036  -28.058  27590754
 37.4786187  -122.1437052  -28.027  27960694
 37.4786196  -122.1437074  -28.098  28547825
 37.4786203  -122.1437099  -28.146  28298057
 37.4786208  -122.1437136  -28.216  27855466
 37.4786218  -122.1437169  -28.292  28155179
 37.4786218  -122.1437212  -28.219  27842290
 37.4786222  -122.143726  -28.257  28083865
 37.4786233  -122.1437315  -28.227  29346860
 37.4786235  -122.1437369  -28.187  28389190
 37.4786239  -122.1437432  -28.19  27976498
 37.4786241  -122.143749  -28.145  27462909
 37.4786246  -122.1437553  -28.112  28428289
 37.478625  -122.143762  -28.082  27348462
 37.478625  -122.1437689  -28.017  27261898
 37.4786249  -122.1437763  -27.94  27200511
 37.478625  -122.1437836  -27.897  26888337
 37.4786252  -122.1437911  -27.921  26940836
 37.4786255  -122.1437981  -27.901  27290972
 37.4786253  -122.1438059  -27.893  26920648
 37.4786256  -122.1438135  -27.922  27277218
 37.4786262  -122.1438214  -27.926  27353528
 37.4786268  -122.1438293  -27.905  27764084
 37.4786275  -122.1438378  -27.914  27836620
 37.4786284  -122.1438465  -27.898  27573100
 37.4786286  -122.1438555  -27.869  27980838
 37.4786303  -122.1438645  -27.798  28239892
 37.4786314  -122.1438738  -27.817  27955263
 37.4786326  -122.1438833  -27.789  27902610
 37.4786336  -122.1438928  -27.728  27921703
 37.4786346  -122.1439025  -27.711  27815588
 37.4786364  -122.1439119  -27.812  28056655
 37.4786375  -122.1439214  -27.811  27840764
 37.4786388  -122.1439311  -27.823  27943010
 37.4786397  -122.1439399  -27.84  27909650
 37.478641  -122.1439505  -27.778  27888341
 37.4786422  -122.14396  -27.765  28138350
 37.4786435  -122.1439685  -27.787  28058542
 37.478645  -122.1439781  -27.805  28037658
 37.4786465  -122.1439875  -27.868  28154963
 37.4786477  -122.1439969  -27.867  27896579
 37.4786479  -122.1440057  -27.798  28123157
 37.4786489  -122.1440157  -27.718  28063525
 37.4786503  -122.1440246  -27.603  27651875
 37.4786525  -122.1440347  -27.487  28195227
 37.4786547  -122.1440459  -27.296  27951765
 37.4786564  -122.1440577  -27.219  27991747
 37.4786581  -122.1440693  -27.109  28075319
 37.4786596  -122.1440819  -27.077  28087391
 37.4786615  -122.1440944  -27.083  28071494
 37.4786635  -122.1441079  -27.377  28076496
 37.4786653  -122.1441202  -27.341  27922069
 37.478667  -122.1441325  -27.301  28011922
 37.4786685  -122.1441452  -27.294  27985857
 37.4786704  -122.1441569  -27.325  27971117
 37.4786719  -122.144172  -27.561  27939065
 37.4786732  -122.1441859  -27.541  27956313
 37.4786749  -122.1441993  -27.496  27753435
 37.4786768  -122.1442124  -27.451  27994068
 37.4786784  -122.1442258  -27.484  28121776
 37.4786803  -122.1442394  -27.53  27839790
 37.4786824  -122.1442526  -27.558  27986434
 37.4786843  -122.1442654  -27.652  28190546
 37.478686  -122.1442789  -27.788  27972249
 37.4786879  -122.1442917  -27.902  28036199
 37.4786901  -122.1443043  -27.867  28046419
 37.4786922  -122.1443163  -27.822  28270558
 37.4786926  -122.1443288  -27.322  27919634
 37.4786931  -122.1443414  -27.32  27875827
 37.4786956  -122.1443534  -27.402  28109049
 37.478698  -122.1443665  -27.221  27996902
 37.4787008  -122.1443801  -27.331  27792674
 37.4787028  -122.1443933  -27.324  27905362
 37.478705  -122.1444061  -27.396  28180764
 37.478707  -122.1444199  -27.513  27762899
 37.4787106  -122.1444333  -27.988  28595812
 37.4787127  -122.1444483  -28.125  27649311
 37.4787155  -122.1444627  -28.04  28012260
 37.478718  -122.1444784  -27.906  27823866
 37.4787193  -122.1444939  -27.777  27879090
 37.4787227  -122.1445082  -27.605  28033841
 37.478725  -122.1445222  -27.464  28159877
 37.4787272  -122.1445367  -27.423  27982220
 37.4787293  -122.1445513  -27.387  28078606
 37.4787314  -122.1445658  -27.422  28054306
 37.4787338  -122.1445815  -27.353  28072215
 37.4787363  -122.1445967  -27.326  28033151
 37.4787387  -122.1446107  -27.269  27995435
 37.4787411  -122.1446252  -27.252  28052408
 37.4787432  -122.1446385  -27.316  28104692
 37.4787464  -122.144654  -27.478  28060553
 37.4787493  -122.1446691  -27.636  28078987
 37.478753  -122.1446834  -27.931  28171707
 37.4787594  -122.144697  -28.252  30985848
 37.478763  -122.1447101  -28.487  28156471
 37.4787638  -122.1447246  -28.468  28043117
 37.4787635  -122.1447385  -28.306  27992911
 37.4787621  -122.1447507  -28.254  27833436
 37.4787648  -122.1447666  -28.557  27902128
 37.4787684  -122.1447815  -28.719  28047224
 37.47877  -122.1447957  -28.685  27658951
 37.4787721  -122.1448094  -28.623  27994514
 37.478774  -122.1448257  -28.561  27721770
 37.4787765  -122.1448403  -28.703  28243353
 37.4787788  -122.144854  -28.775  28027705
 37.4787808  -122.14487  -28.806  27840116
 37.4787812  -122.1448846  -28.681  27830458
 37.4787828  -122.1448985  -28.761  27967150
 37.4787837  -122.1449097  -28.3  27824715
 37.4787855  -122.1449238  -28.333  28056145
 37.4787878  -122.1449397  -28.551  27837324
 37.4787901  -122.1449551  -28.702  27984927
 37.4787927  -122.144969  -28.83  27929193
 37.4787948  -122.1449828  -28.993  27885582
 37.4787967  -122.1449965  -29.076  27901293
 37.4787987  -122.145011  -28.914  27960247
 37.4788006  -122.1450252  -28.829  27843202
 37.4788022  -122.1450385  -28.791  27868473
 37.4788037  -122.1450518  -28.752  27956648
 37.4788059  -122.1450634  -28.691  28056725
 37.4788071  -122.1450757  -28.645  28115812
 37.4788085  -122.1450884  -28.631  28216466
 37.478811  -122.1451  -28.559  28481957
 37.4788133  -122.1451119  -28.64  28578648
 37.4788161  -122.1451237  -28.767  28826228
 37.4788195  -122.1451347  -28.84  29395365
 37.4788232  -122.1451458  -28.866  29298174
 37.4788265  -122.1451561  -28.847  29757602
 37.4788306  -122.1451658  -28.868  29849148
 37.4788347  -122.1451751  -28.916  30009088
 37.4788386  -122.1451839  -28.913  30129760
 37.4788423  -122.145193  -28.93  29967314
 37.4788463  -122.1452014  -28.958  30347358
 37.4788508  -122.1452102  -28.974  29976952
 37.4788549  -122.1452194  -28.998  29967648
 37.4788587  -122.1452282  -28.988  30015084
 37.478862  -122.1452366  -29.004  29627447
 37.4788641  -122.1452438  -29.052  29684618
 37.4788665  -122.1452523  -29.078  29037707
 37.4788688  -122.1452603  -29.156  28904314
 37.4788708  -122.1452691  -29.132  28551457
 37.478872  -122.1452777  -29.157  28139474
 37.4788729  -122.1452851  -29.206  27850183
 37.4788732  -122.1452936  -29.231  27479528
 37.478873  -122.1453015  -29.249  26837529
 37.4788721  -122.1453096  -29.146  26426465
 37.4788718  -122.1453182  -29.062  26077807
 37.4788704  -122.145326  -29.028  25414288
 37.4788679  -122.1453329  -29.051  24826849
 37.4788653  -122.145339  -29.069  24448637
 37.4788626  -122.1453445  -29.083  23486211
 37.4788598  -122.1453498  -29.047  23392052
 37.4788574  -122.1453544  -28.998  22398329
 37.4788522  -122.1453594  -28.933  22301228
 37.4788474  -122.1453636  -28.909  21749187
 37.4788427  -122.1453673  -28.835  21383529
 37.4788374  -122.1453703  -28.828  20543753
 37.4788321  -122.1453731  -28.77  19731435
 37.4788263  -122.1453758  -28.804  19713346
 37.4788206  -122.1453767  -28.785  18668743
 37.4788146  -122.1453762  -28.715  17923018
 37.4788085  -122.1453758  -28.729  17625707
 37.4788024  -122.1453744  -28.692  16864432
 37.478797  -122.1453718  -28.699  16097960
 37.4787913  -122.1453686  -28.657  15634000
 37.4787851  -122.1453653  -28.648  15228472
 37.4787789  -122.1453615  -28.629  14451129
 37.4787734  -122.1453562  -28.586  13885035
 37.4787682  -122.1453502  -28.589  13396681
 37.4787636  -122.1453435  -28.59  13092806
 37.4787592  -122.145337  -28.544  12644258
 37.4787555  -122.1453299  -28.517  11945021
 37.4787526  -122.1453211  -28.484  11532949
 37.47875  -122.1453119  -28.495  10963813
 37.478748  -122.1453036  -28.493  10377261
 37.4787462  -122.1452941  -28.471  10034929
 37.4787457  -122.145284  -28.471  9380217
 37.4787449  -122.1452742  -28.468  9141648
 37.4787445  -122.1452646  -28.51  8870581
 37.4787444  -122.1452544  -28.534  8678373
 37.4787448  -122.1452435  -28.537  8667051
 37.4787457  -122.1452329  -28.555  8227606
 37.4787467  -122.1452223  -28.546  8838409
 37.4787478  -122.1452114  -28.533  8730551
 37.4787481  -122.1452001  -28.475  8630490
 37.4787483  -122.1451885  -28.479  9006541
 37.4787479  -122.1451771  -28.486  8316359
 37.4787485  -122.1451646  -28.4  8982761
 37.4787481  -122.145153  -28.416  9277857
 37.4787476  -122.1451409  -28.414  9175430
 37.4787475  -122.1451286  -28.419  9388871
 37.4787467  -122.1451155  -28.406  9409180
 37.4787459  -122.1451025  -28.397  9419896
 37.4787456  -122.145089  -28.402  9400447
 37.4787452  -122.1450755  -28.404  9390922
 37.4787443  -122.1450619  -28.422  9469876
 37.4787436  -122.1450482  -28.402  9555039
 37.4787426  -122.1450343  -28.37  9562886
 37.4787412  -122.1450202  -28.352  9640514
 37.4787399  -122.1450062  -28.333  9546370
 37.4787389  -122.1449907  -28.281  9568171
 37.4787384  -122.1449763  -28.252  9539955
 37.478737  -122.1449613  -28.247  9580812
 37.4787358  -122.1449466  -28.233  9606691
 37.4787344  -122.1449322  -28.211  9720928
 37.478733  -122.1449177  -28.195  9577386
 37.4787317  -122.144903  -28.185  9802044
 37.47873  -122.1448883  -28.177  9617117
 37.4787274  -122.1448737  -28.16  9735402
 37.478726  -122.1448586  -28.153  9764566
 37.4787251  -122.1448446  -28.156  9669959
 37.4787232  -122.144829  -28.161  9912240
 37.478722  -122.144814  -28.098  10058713
 37.4787196  -122.1447995  -28.132  9822543
 37.4787179  -122.1447841  -28.12  9807014
 37.4787159  -122.1447678  -28.098  9963019
 37.4787113  -122.1447535  -28.009  9952957
 37.4787091  -122.144738  -27.995  10222532
 37.4787073  -122.1447219  -27.974  9975603
 37.4787059  -122.1447061  -27.967  9953073
 37.4787046  -122.1446901  -27.943  9952610
 37.4787022  -122.144675  -27.908  10118298
 37.4786995  -122.1446595  -27.884  9991687
 37.4786963  -122.1446439  -27.849  9913213
 37.4786941  -122.144628  -27.878  9900412
 37.4786937  -122.1446121  -27.797  10021506
 37.4786921  -122.144596  -27.742  10023149
 37.4786902  -122.14458  -27.699  9956749
 37.4786884  -122.1445642  -27.668  9969397
 37.4786873  -122.1445488  -27.673  10135708
 37.4786849  -122.1445325  -27.647  9926845
 37.478684  -122.1445143  -27.66  10050705
 37.4786804  -122.1444982  -27.734  10042995
 37.4786777  -122.1444839  -27.816  9863577
 37.4786757  -122.1444675  -27.799  9947569
 37.478673  -122.144451  -27.762  9923841
 37.47867  -122.1444358  -27.733  10131309
 37.4786671  -122.1444193  -27.756  10001719
 37.4786647  -122.1444028  -27.745  9997810
 37.4786621  -122.1443874  -27.679  9842791
 37.4786598  -122.1443714  -27.652  10016155
 37.4786574  -122.1443562  -27.609  10184934
 37.478653  -122.1443395  -27.542  10057036
 37.4786505  -122.1443228  -27.581  9744898
 37.4786517  -122.1443051  -27.569  9639593
 37.4786507  -122.1442859  -27.526  9894912
 37.4786465  -122.144269  -27.551  10246877
 37.4786427  -122.1442529  -27.57  10146378
 37.4786405  -122.1442357  -27.437  9827682
 37.4786383  -122.1442188  -27.45  10119443
 37.4786356  -122.1442027  -27.424  10650950
 37.4786351  -122.1441861  -27.344  9431487
 37.4786313  -122.1441697  -27.348  10034916
 37.4786284  -122.144153  -27.33  9927186
 37.478628  -122.1441356  -27.341  9692362
 37.4786261  -122.1441184  -27.328  10023039
 37.4786215  -122.1441009  -27.326  10159377
 37.4786197  -122.1440844  -27.271  10026904
 37.478619  -122.1440679  -27.274  9802682
 37.4786189  -122.1440508  -27.318  10048143
 37.4786166  -122.1440341  -27.272  10130810
 37.478615  -122.1440182  -27.276  9732877
 37.4786122  -122.1440023  -27.233  10242739
 37.4786099  -122.143986  -27.232  10053882
 37.4786075  -122.1439694  -27.186  10121966
 37.4786057  -122.1439533  -27.158  10030774
 37.4786041  -122.1439373  -27.151  9976414
 37.4786018  -122.1439213  -27.161  9997553
 37.4785999  -122.1439051  -27.18  9989795
 37.4785981  -122.1438898  -27.202  10151615
 37.4785954  -122.143875  -27.158  10285594
 37.4785922  -122.1438599  -27.074  10514598
 37.4785901  -122.1438448  -27.014  10221377
 37.4785879  -122.1438301  -26.996  10259213
 37.478585  -122.1438156  -27.009  10335466
 37.4785828  -122.1438006  -27.049  10186495
 37.47858  -122.1437866  -27.054  10285321
 37.4785775  -122.143773  -27.059  10173470
 37.4785753  -122.143759  -27.062  10234808
 37.4785734  -122.1437455  -27.051  10041059
 37.4785704  -122.1437317  -27.047  10439219
 37.4785688  -122.1437188  -27.028  10279757
 37.4785688  -122.1437048  -27.075  10788720
 37.4785674  -122.1436934  -27.13  10299764
 37.4785645  -122.1436799  -27.105  10289330
 37.4785621  -122.1436668  -27.105  9962813
 37.4785589  -122.1436541  -27.127  10323933
 37.4785566  -122.1436431  -27.211  9697176
 37.4785541  -122.1436298  -27.241  10159375
 37.4785521  -122.1436171  -27.262  9998427
 37.4785497  -122.1436047  -27.264  10237287
 37.4785473  -122.143593  -27.281  10381227
 37.4785453  -122.1435816  -27.29  10183408
 37.4785431  -122.1435711  -27.313  10283601
 37.4785409  -122.1435611  -27.306  10338296
 37.4785379  -122.1435522  -27.257  10537653
 37.4785358  -122.1435428  -27.25  10599335
 37.4785337  -122.1435345  -27.247  10851515
 37.4785312  -122.1435269  -27.233  11059254
 37.4785282  -122.1435203  -27.206  11420938
 37.4785255  -122.1435137  -27.157  11588227
 37.4785232  -122.1435075  -27.138  11901763
 37.4785205  -122.1435022  -27.135  12244550
 37.4785173  -122.1434968  -27.131  12720297
 37.4785139  -122.1434918  -27.121  12912195
 37.4785107  -122.1434874  -27.116  13322839
 37.4785071  -122.1434838  -27.114  13773779
 37.4785036  -122.1434806  -27.105  14034249
 37.4785006  -122.1434779  -27.111  14380071
 37.4784976  -122.1434756  -27.113  14741395
 37.4784955  -122.1434735  -27.081  14861746
 37.4784931  -122.1434714  -27.057  14292038
 37.478491  -122.1434695  -27.037  14240693
 37.4784894  -122.1434685  -27.02  15857595
 37.4784876  -122.143467  -27.054  16210394
 37.4784859  -122.1434667  -27.04  16416076
 37.4784847  -122.1434666  -27.046  15871911
 37.4784838  -122.1434662  -27.035  16461719
 37.4784828  -122.1434663  -27.026  16503465
 37.4784819  -122.143466  -27.034  16558667
 37.4784808  -122.1434657  -27.02  17128188
 37.4784801  -122.1434656  -27.005  15918882
 37.4784795  -122.1434654  -26.991  16915929
 37.4784795  -122.1434654  -26.978  16915929
 37.4784798  -122.1434654  -26.979  16915929
