 0.0
 0.0
 0.0
 0.0
 0.0
 0.0
 0.0
 0.0
 0.0
 0.0
 0.0
 0.0
 0.0
 0.0
 0.0
 0.0
 0.0
 0.0
 0.0
 0.0
 0.0
 0.0
 0.0
 0.0
 0.0
 0.0
 0.0
 0.0
 0.0
 0.0
 0.0
 0.0
 0.0
 0.0
 0.0
 0.0
 0.0
 0.0
 0.0
 0.0
 0.0
 0.0
 0.0
 0.0
 0.0
 0.0
 0.0
 0.0
 0.0
 0.0
 0.0
 0.0
 0.0
 0.0
 0.0
 0.0
 0.0
 0.0
 0.0
 0.0
 0.0
 0.0
 0.0
 0.0
 0.0
 0.0
 0.0
 0.0
 0.0
 0.0
 0.0
 0.0
 0.0
 0.0
 0.0
 0.0
 0.0
 0.0
 0.0
 0.0
 0.0
 0.0
 0.0
 0.0
 0.0
 0.0
 0.0
 0.0
 0.0
 0.0
 0.0
 0.0
 0.0
 0.0
 0.0
 0.0
 0.0
 0.0
 0.0
 0.0
 0.0
 0.0
 0.0
 0.0
 0.0
 0.0
 0.0
 0.0
 0.0
 0.0
 0.0
 0.0
 0.0
 0.0
 0.0
 0.0
 0.0
 0.0
 0.0
 0.0
 0.0
 0.0
 0.00999999977648
 0.070000000298
 0.0900000035763
 0.0900000035763
 0.0299999993294
 0.0399999991059
 0.019999999553
 0.0500000007451
 0.0500000007451
 0.0399999991059
 0.0399999991059
 0.0599999986589
 0.0799999982119
 0.070000000298
 0.0799999982119
 0.119999997318
 0.129999995232
 0.140000000596
 0.159999996424
 0.189999997616
 0.20000000298
 0.209999993443
 0.239999994636
 0.259999990463
 0.289999991655
 0.310000002384
 0.330000013113
 0.370000004768
 0.409999996424
 0.419999986887
 0.449999988079
 0.490000009537
 0.519999980927
 0.569999992847
 0.639999985695
 0.670000016689
 0.670000016689
 0.709999978542
 0.75
 0.839999973774
 0.860000014305
 0.860000014305
 0.920000016689
 1.01999998093
 1.05999994278
 1.04999995232
 1.12000000477
 1.15999996662
 1.23000001907
 1.27999997139
 1.28999996185
 1.35000002384
 1.41999995708
 1.42999994755
 1.46000003815
 1.52999997139
 1.58000004292
 1.63999998569
 1.62999999523
 1.65999996662
 1.77999997139
 1.83000004292
 1.83000004292
 1.84000003338
 1.91999995708
 1.94000005722
 1.95000004768
 1.92999994755
 1.99000000954
 2.1099998951
 2.1400001049
 2.11999988556
 2.13000011444
 2.23000001907
 2.23000001907
 2.21000003815
 2.25999999046
 2.25999999046
 2.28999996185
 2.36999988556
 2.36999988556
 2.3900001049
 2.3900001049
 2.42000007629
 2.48000001907
 2.47000002861
 2.47000002861
 2.50999999046
 2.56999993324
 2.56999993324
 2.58999991417
 2.6400001049
 2.70000004768
 2.67000007629
 2.6400001049
 2.65000009537
 2.73000001907
 2.77999997139
 2.78999996185
 2.76999998093
 2.79999995232
 2.83999991417
 2.80999994278
 2.86999988556
 2.91000008583
 2.95000004768
 2.91000008583
 2.90000009537
 2.95000004768
 3.00999999046
 3.01999998093
 3.02999997139
 3.05999994278
 3.02999997139
 3.1099998951
 3.07999992371
 3.05999994278
 3.11999988556
 3.1400001049
 3.15000009537
 3.11999988556
 3.17000007629
 3.18000006676
 3.17000007629
 3.18000006676
 3.20000004768
 3.22000002861
 3.24000000954
 3.24000000954
 3.24000000954
 3.27999997139
 3.27999997139
 3.26999998093
 3.29999995232
 3.29999995232
 3.33999991417
 3.32999992371
 3.33999991417
 3.3599998951
 3.40000009537
 3.3599998951
 3.3599998951
 3.38000011444
 3.41000008583
 3.47000002861
 3.50999999046
 3.48000001907
 3.45000004768
 3.5
 3.52999997139
 3.53999996185
 3.51999998093
 3.48000001907
 3.53999996185
 3.57999992371
 3.56999993324
 3.57999992371
 3.6099998951
 3.66000008583
 3.65000009537
 3.65000009537
 3.66000008583
 3.70000004768
 3.71000003815
 3.72000002861
 3.76999998093
 3.79999995232
 3.78999996185
 3.76999998093
 3.78999996185
 3.77999997139
 3.81999993324
 3.82999992371
 3.8599998951
 3.92000007629
 3.95000004768
 3.92000007629
 3.84999990463
 3.90000009537
 3.97000002861
 4.01999998093
 3.97000002861
 3.94000005722
 4.01000022888
 4.01000022888
 4.03999996185
 3.99000000954
 4.01999998093
 4.07999992371
 4.01000022888
 4.03000020981
 4.05000019073
 4.11999988556
 4.11000013351
 4.07999992371
 4.11999988556
 4.15999984741
 4.13999986649
 4.07000017166
 4.11999988556
 4.15000009537
 4.17000007629
 4.15000009537
 4.11999988556
 4.21000003815
 4.23000001907
 4.19000005722
 4.19000005722
 4.25
 4.26999998093
 4.26000022888
 4.23000001907
 4.28000020981
 4.30000019073
 4.28999996185
 4.26000022888
 4.28999996185
 4.34000015259
 4.34000015259
 4.30000019073
 4.36000013351
 4.28999996185
 4.21999979019
 4.21000003815
 4.30000019073
 4.32999992371
 4.34999990463
 4.34000015259
 4.34000015259
 4.32999992371
 4.30000019073
 4.28999996185
 4.28000020981
 4.21000003815
 4.21000003815
 4.17999982834
 4.17999982834
 4.15000009537
 4.19000005722
 4.36999988556
 4.40000009537
 4.38000011444
 4.36000013351
 4.34000015259
 4.30000019073
 4.23000001907
 4.25
 4.21000003815
 4.19999980927
 4.15999984741
 4.13999986649
 4.13999986649
 4.09999990463
 4.07999992371
 4.05999994278
 4.07999992371
 4.17000007629
 4.23000001907
 4.21000003815
 4.19999980927
 4.17999982834
 4.19000005722
 4.26999998093
 4.42000007629
 4.53999996185
 4.40000009537
 3.79999995232
 3.78999996185
 4.26000022888
 4.57000017166
 4.42000007629
 4.01000022888
 4.07999992371
 4.34000015259
 4.5
 4.19000005722
 4.17000007629
 4.40999984741
 4.61999988556
 4.48999977112
 4.28999996185
 4.44999980927
 4.57000017166
 4.59000015259
 4.48999977112
 4.51999998093
 4.71000003815
 4.75
 4.73000001907
 4.69999980927
 4.82000017166
 4.92000007629
 4.84999990463
 4.84000015259
 4.92000007629
 5.07000017166
 4.98999977112
 5.07000017166
 4.98999977112
 5.07000017166
 5.07000017166
 5.15000009537
 5.15000009537
 5.23000001907
 5.23000001907
 5.23000001907
 5.15000009537
 5.23000001907
 5.40000009537
 5.40000009537
 5.30999994278
 5.30999994278
 5.40000009537
 5.48000001907
 5.30999994278
 5.30999994278
 5.55999994278
 5.55999994278
 5.40000009537
 5.40000009537
 5.55999994278
 5.55999994278
 5.55999994278
 5.48000001907
 5.55999994278
 5.71999979019
 5.55999994278
 5.55999994278
 5.63999986649
 5.71999979019
 5.71999979019
 5.63999986649
 5.71999979019
 5.80999994278
 5.71999979019
 5.71999979019
 5.71999979019
 5.80999994278
 5.71999979019
 5.71999979019
 5.71999979019
 5.80999994278
 5.80999994278
 5.80999994278
 5.80999994278
 5.88999986649
 5.80999994278
 5.80999994278
 5.88999986649
 5.88999986649
 5.88999986649
 5.88999986649
 5.80999994278
 5.80999994278
 5.80999994278
 5.88999986649
 5.88999986649
 5.88999986649
 5.88999986649
 5.96999979019
 5.96999979019
 5.88999986649
 5.80999994278
 5.88999986649
 5.88999986649
 5.96999979019
 5.88999986649
 5.88999986649
 5.88999986649
 5.96999979019
 5.88999986649
 5.88999986649
 5.88999986649
 5.88999986649
 5.88999986649
 5.88999986649
 5.88999986649
 5.88999986649
 5.88999986649
 5.88999986649
 5.88999986649
 5.96999979019
 5.88999986649
 5.88999986649
 5.88999986649
 5.88999986649
 5.88999986649
 5.88999986649
 5.80999994278
 5.80999994278
 5.80999994278
 5.96999979019
 5.96999979019
 5.96999979019
 5.88999986649
 5.88999986649
 5.88999986649
 5.88999986649
 5.80999994278
 5.80999994278
 5.80999994278
 5.88999986649
 5.96999979019
 5.96999979019
 5.88999986649
 5.88999986649
 5.88999986649
 5.96999979019
 5.88999986649
 5.80999994278
 5.80999994278
 5.80999994278
 5.96999979019
 5.88999986649
 5.88999986649
 5.88999986649
 5.88999986649
 5.96999979019
 5.88999986649
 5.80999994278
 5.80999994278
 5.88999986649
 5.96999979019
 5.88999986649
 5.88999986649
 5.88999986649
 5.88999986649
 5.88999986649
 5.96999979019
 5.80999994278
 5.88999986649
 5.96999979019
 5.96999979019
 5.96999979019
 5.88999986649
 5.96999979019
 5.96999979019
 5.88999986649
 5.96999979019
 5.96999979019
 5.96999979019
 5.96999979019
 5.96999979019
 5.96999979019
 5.96999979019
 5.96999979019
 5.96999979019
 5.96999979019
 5.96999979019
 6.05000019073
 5.96999979019
 6.05000019073
 5.96999979019
 6.05000019073
 6.05000019073
 5.96999979019
 5.96999979019
 6.05000019073
 6.05000019073
 6.05000019073
 6.05000019073
 6.05000019073
 6.21999979019
 6.13000011444
 6.13000011444
 6.05000019073
 6.13000011444
 6.13000011444
 6.05000019073
 6.13000011444
 6.13000011444
 6.13000011444
 6.21999979019
 6.21999979019
 6.21999979019
 6.21999979019
 6.21999979019
 6.30000019073
 6.30000019073
 6.21999979019
 6.30000019073
 6.21999979019
 6.30000019073
 6.38000011444
 6.38000011444
 6.38000011444
 6.30000019073
 6.38000011444
 6.30000019073
 6.30000019073
 6.30000019073
 6.46000003815
 6.38000011444
 6.38000011444
 6.30000019073
 6.30000019073
 6.46000003815
 6.38000011444
 6.38000011444
 6.38000011444
 6.46000003815
 6.38000011444
 6.38000011444
 6.38000011444
 6.46000003815
 6.46000003815
 6.53999996185
 6.53999996185
 6.46000003815
 6.53999996185
 6.53999996185
 6.53999996185
 6.38000011444
 6.46000003815
 6.53999996185
 6.53999996185
 6.46000003815
 6.53999996185
 6.61999988556
 6.61999988556
 6.46000003815
 6.53999996185
 6.53999996185
 6.61999988556
 6.53999996185
 6.53999996185
 6.61999988556
 6.71000003815
 6.61999988556
 6.53999996185
 6.53999996185
 6.61999988556
 6.61999988556
 6.53999996185
 6.61999988556
 6.61999988556
 6.61999988556
 6.61999988556
 6.53999996185
 6.61999988556
 6.71000003815
 6.61999988556
 6.61999988556
 6.71000003815
 6.61999988556
 6.61999988556
 6.61999988556
 6.61999988556
 6.61999988556
 6.61999988556
 6.71000003815
 6.71000003815
 6.71000003815
 6.71000003815
 6.71000003815
 6.78999996185
 6.78999996185
 6.71000003815
 6.71000003815
 6.78999996185
 6.78999996185
 6.78999996185
 6.71000003815
 6.78999996185
 6.71000003815
 6.78999996185
 6.78999996185
 6.71000003815
 6.71000003815
 6.78999996185
 6.71000003815
 6.78999996185
 6.78999996185
 6.78999996185
 6.78999996185
 6.78999996185
 6.61999988556
 6.61999988556
 6.71000003815
 6.61999988556
 6.61999988556
 6.53999996185
 6.61999988556
 6.61999988556
 6.78999996185
 6.78999996185
 6.78999996185
 6.86999988556
 6.86999988556
 6.78999996185
 6.71000003815
 6.71000003815
 6.61999988556
 6.53999996185
 6.61999988556
 6.53999996185
 6.46000003815
 6.53999996185
 6.46000003815
 6.46000003815
 6.53999996185
 6.71000003815
 6.71000003815
 6.61999988556
 6.71000003815
 6.61999988556
 6.61999988556
 6.53999996185
 6.53999996185
 6.53999996185
 6.46000003815
 6.46000003815
 6.46000003815
 6.53999996185
 6.61999988556
 6.61999988556
 6.53999996185
 6.53999996185
 6.53999996185
 6.53999996185
 6.46000003815
 6.46000003815
 6.46000003815
 6.46000003815
 6.46000003815
 6.46000003815
 6.46000003815
 6.46000003815
 6.46000003815
 6.46000003815
 6.46000003815
 6.46000003815
 6.38000011444
 6.38000011444
 6.30000019073
 6.30000019073
 6.38000011444
 6.38000011444
 6.38000011444
 6.46000003815
 6.38000011444
 6.38000011444
 6.30000019073
 6.30000019073
 6.30000019073
 6.30000019073
 6.21999979019
 6.30000019073
 6.30000019073
 6.30000019073
 6.30000019073
 6.21999979019
 6.30000019073
 6.30000019073
 6.21999979019
 6.30000019073
 6.21999979019
 6.21999979019
 6.21999979019
 6.21999979019
 6.21999979019
 6.13000011444
 6.21999979019
 6.21999979019
 6.21999979019
 6.21999979019
 6.30000019073
 6.38000011444
 6.53999996185
 6.61999988556
 6.46000003815
 5.88999986649
 5.96999979019
 6.21999979019
 6.61999988556
 6.61999988556
 6.05000019073
 5.80999994278
 5.88999986649
 5.88999986649
 6.13000011444
 6.38000011444
 6.53999996185
 6.53999996185
 6.46000003815
 6.38000011444
 6.05000019073
 5.96999979019
 5.96999979019
 5.96999979019
 5.96999979019
 5.96999979019
 6.30000019073
 6.30000019073
 6.30000019073
 6.21999979019
 6.30000019073
 6.21999979019
 6.13000011444
 6.13000011444
 6.05000019073
 6.05000019073
 6.05000019073
 5.96999979019
 6.05000019073
 6.05000019073
 6.13000011444
 6.21999979019
 6.21999979019
 6.13000011444
 6.13000011444
 6.13000011444
 6.13000011444
 6.13000011444
 6.05000019073
 6.05000019073
 5.96999979019
 5.96999979019
 5.88999986649
 5.88999986649
 5.88999986649
 5.80999994278
 5.88999986649
 5.88999986649
 6.05000019073
 5.88999986649
 5.80999994278
 5.71999979019
 5.88999986649
 5.88999986649
 5.88999986649
 5.63999986649
 5.63999986649
 5.80999994278
 5.80999994278
 5.63999986649
 5.55999994278
 5.63999986649
 5.63999986649
 5.63999986649
 5.55999994278
 5.48000001907
 5.63999986649
 5.71999979019
 5.71999979019
 5.63999986649
 5.55999994278
 5.63999986649
 5.55999994278
 5.55999994278
 5.48000001907
 5.48000001907
 5.48000001907
 5.40000009537
 5.40000009537
 5.40000009537
 5.30999994278
 5.30999994278
 5.23000001907
 5.30999994278
 5.40000009537
 5.48000001907
 5.48000001907
 5.48000001907
 5.48000001907
 5.48000001907
 5.40000009537
 5.30999994278
 5.30999994278
 5.30999994278
 5.15000009537
 5.15000009537
 5.55999994278
 5.55999994278
 5.40000009537
 5.15000009537
 5.15000009537
 5.30999994278
 5.55999994278
 5.30999994278
 5.15000009537
 5.15000009537
 5.40000009537
 5.40000009537
 5.15000009537
 5.07000017166
 5.07000017166
 5.23000001907
 5.15000009537
 4.98999977112
 4.90999984741
 5.07000017166
 5.15000009537
 4.98999977112
 4.82000017166
 4.90999984741
 4.98999977112
 4.98999977112
 4.90999984741
 4.73999977112
 4.82000017166
 4.82000017166
 4.82000017166
 4.73999977112
 4.73999977112
 4.73999977112
 4.65999984741
 4.65999984741
 4.57999992371
 4.65999984741
 4.57999992371
 4.65999984741
 4.5
 4.5
 4.65999984741
 4.73999977112
 4.65999984741
 4.57999992371
 4.57999992371
 4.57999992371
 4.5
 4.5
 4.5
 4.5
 4.40999984741
 4.40999984741
 4.32999992371
 4.32999992371
 4.32999992371
 4.32999992371
 4.32999992371
 4.32999992371
 4.5
 4.40999984741
 4.32999992371
 4.32999992371
 4.25
 4.25
 4.32999992371
 4.32999992371
 4.25
 4.25
 4.25
 4.17000007629
 4.17000007629
 4.09000015259
 4.09000015259
 4.05999994278
 4.11000013351
 4.07000017166
 4.05000019073
 3.99000000954
 4.01000022888
 3.97000002861
 3.92000007629
 3.8900001049
 3.8599998951
 3.88000011444
 3.84999990463
 3.77999997139
 3.77999997139
 3.8599998951
 3.94000005722
 3.92000007629
 3.8599998951
 3.82999992371
 3.83999991417
 3.78999996185
 3.75999999046
 3.73000001907
 3.74000000954
 3.68000006676
 3.65000009537
 3.63000011444
 3.59999990463
 3.54999995232
 3.54999995232
 3.54999995232
 3.52999997139
 3.5
 3.48000001907
 3.48000001907
 3.51999998093
 3.61999988556
 3.63000011444
 3.61999988556
 3.63000011444
 3.57999992371
 3.56999993324
 3.54999995232
 3.51999998093
 3.51999998093
 3.48000001907
 3.46000003815
 3.44000005722
 3.43000006676
 3.40000009537
 3.40000009537
 3.3900001049
 3.33999991417
 3.32999992371
 3.30999994278
 3.28999996185
 3.25999999046
 3.26999998093
 3.25
 3.25999999046
 3.29999995232
 3.38000011444
 3.3599998951
 3.38000011444
 3.33999991417
 3.30999994278
 3.30999994278
 3.25999999046
 3.25999999046
 3.23000001907
 3.21000003815
 3.20000004768
 3.17000007629
 3.15000009537
 3.15000009537
 3.11999988556
 3.09999990463
 3.11999988556
 3.07999992371
 3.07999992371
 3.07999992371
 3.08999991417
 3.1099998951
 3.1099998951
 3.09999990463
 3.08999991417
 3.07999992371
 3.07999992371
 3.04999995232
 3.04999995232
 3.02999997139
 3.0
 2.99000000954
 2.98000001907
 2.95000004768
 2.94000005722
 2.93000006676
 2.93000006676
 2.94000005722
 2.94000005722
 2.97000002861
 2.99000000954
 3.05999994278
 3.1400001049
 3.16000008583
 3.02999997139
 2.67000007629
 2.67000007629
 2.84999990463
 3.04999995232
 3.08999991417
 2.8599998951
 2.69000005722
 2.75
 3.0
 2.93000006676
 2.84999990463
 2.73000001907
 2.86999988556
 2.94000005722
 2.94000005722
 2.83999991417
 2.83999991417
 2.96000003815
 2.94000005722
 2.90000009537
 2.86999988556
 2.98000001907
 2.99000000954
 2.95000004768
 2.93000006676
 2.94000005722
 3.00999999046
 3.01999998093
 2.98000001907
 3.00999999046
 3.03999996185
 3.04999995232
 3.05999994278
 3.1099998951
 3.08999991417
 3.1099998951
 3.11999988556
 3.11999988556
 3.16000008583
 3.18000006676
 3.20000004768
 3.20000004768
 3.20000004768
 3.22000002861
 3.25999999046
 3.24000000954
 3.25999999046
 3.29999995232
 3.29999995232
 3.30999994278
 3.30999994278
 3.33999991417
 3.36999988556
 3.3599998951
 3.36999988556
 3.3900001049
 3.40000009537
 3.38000011444
 3.38000011444
 3.46000003815
 3.5
 3.5
 3.46000003815
 3.51999998093
 3.51999998093
 3.54999995232
 3.53999996185
 3.54999995232
 3.57999992371
 3.57999992371
 3.56999993324
 3.57999992371
 3.61999988556
 3.63000011444
 3.58999991417
 3.59999990463
 3.59999990463
 3.67000007629
 3.6400001049
 3.65000009537
 3.65000009537
 3.68000006676
 3.69000005722
 3.67000007629
 3.66000008583
 3.67000007629
 3.71000003815
 3.73000001907
 3.73000001907
 3.71000003815
 3.71000003815
 3.74000000954
 3.75999999046
 3.76999998093
 3.79999995232
 3.76999998093
 3.79999995232
 3.80999994278
 3.77999997139
 3.77999997139
 3.76999998093
 3.84999990463
 3.86999988556
 3.83999991417
 3.81999993324
 3.93000006676
 3.91000008583
 3.86999988556
 3.8900001049
 3.93000006676
 3.96000003815
 3.92000007629
 3.93000006676
 3.96000003815
 4.0
 4.01999998093
 4.01999998093
 4.0
 4.01999998093
 4.07000017166
 4.11000013351
 4.09999990463
 4.13999986649
 4.13999986649
 4.11999988556
 4.13000011444
 4.17999982834
 4.19000005722
 4.21999979019
 4.21000003815
 4.21999979019
 4.23000001907
 4.28999996185
 4.30999994278
 4.26000022888
 4.30999994278
 4.28999996185
 4.34000015259
 4.32999992371
 4.36000013351
 4.36000013351
 4.38000011444
 4.40000009537
 4.40999984741
 4.42000007629
 4.44999980927
 4.44000005722
 4.44000005722
 4.48999977112
 4.48999977112
 4.48000001907
 4.5
 4.51999998093
 4.53999996185
 4.53999996185
 4.57999992371
 4.61000013351
 4.61000013351
 4.65000009537
 4.63000011444
 4.65000009537
 4.65999984741
 4.69000005722
 4.69000005722
 4.69999980927
 4.73000001907
 4.73999977112
 4.76999998093
 4.82000017166
 4.82000017166
 4.82000017166
 4.84000015259
 4.82000017166
 4.88999986649
 4.94000005722
 4.88999986649
 4.92000007629
 4.90999984741
 4.98999977112
 4.98999977112
 4.98999977112
 5.07000017166
 4.98999977112
 5.07000017166
 5.07000017166
 5.15000009537
 5.15000009537
 5.15000009537
 5.15000009537
 5.15000009537
 5.23000001907
 5.23000001907
 5.23000001907
 5.23000001907
 5.23000001907
 5.23000001907
 5.23000001907
 5.30999994278
 5.40000009537
 5.40000009537
 5.40000009537
 5.40000009537
 5.40000009537
 5.48000001907
 5.48000001907
 5.40000009537
 5.48000001907
 5.48000001907
 5.48000001907
 5.48000001907
 5.55999994278
 5.63999986649
 5.63999986649
 5.55999994278
 5.55999994278
 5.63999986649
 5.63999986649
 5.63999986649
 5.71999979019
 5.63999986649
 5.71999979019
 5.63999986649
 5.63999986649
 5.71999979019
 5.63999986649
 5.63999986649
 5.71999979019
 5.71999979019
 5.80999994278
 5.80999994278
 5.80999994278
 5.80999994278
 5.80999994278
 5.80999994278
 5.80999994278
 5.88999986649
 5.80999994278
 5.88999986649
 5.96999979019
 5.88999986649
 5.88999986649
 5.88999986649
 5.96999979019
 5.88999986649
 6.05000019073
 5.96999979019
 5.96999979019
 5.96999979019
 6.05000019073
 6.05000019073
 6.05000019073
 6.13000011444
 6.05000019073
 6.13000011444
 6.13000011444
 6.13000011444
 6.13000011444
 6.13000011444
 6.21999979019
 6.13000011444
 6.21999979019
 6.21999979019
 6.21999979019
 6.30000019073
 6.21999979019
 6.30000019073
 6.30000019073
 6.30000019073
 6.30000019073
 6.21999979019
 6.38000011444
 6.30000019073
 6.30000019073
 6.38000011444
 6.38000011444
 6.46000003815
 6.30000019073
 6.38000011444
 6.38000011444
 6.38000011444
 6.38000011444
 6.46000003815
 6.46000003815
 6.38000011444
 6.38000011444
 6.46000003815
 6.46000003815
 6.46000003815
 6.38000011444
 6.46000003815
 6.46000003815
 6.53999996185
 6.38000011444
 6.46000003815
 6.53999996185
 6.53999996185
 6.46000003815
 6.46000003815
 6.53999996185
 6.61999988556
 6.53999996185
 6.46000003815
 6.53999996185
 6.53999996185
 6.53999996185
 6.46000003815
 6.53999996185
 6.53999996185
 6.61999988556
 6.53999996185
 6.61999988556
 6.53999996185
 6.61999988556
 6.53999996185
 6.61999988556
 6.61999988556
 6.61999988556
 6.61999988556
 6.53999996185
 6.71000003815
 6.71000003815
 6.53999996185
 6.61999988556
 6.61999988556
 6.71000003815
 6.61999988556
 6.61999988556
 6.61999988556
 6.71000003815
 6.71000003815
 6.71000003815
 6.71000003815
 6.71000003815
 6.71000003815
 6.61999988556
 6.61999988556
 6.71000003815
 6.71000003815
 6.71000003815
 6.71000003815
 6.71000003815
 6.71000003815
 6.71000003815
 6.71000003815
 6.71000003815
 6.71000003815
 6.71000003815
 6.71000003815
 6.78999996185
 6.71000003815
 6.71000003815
 6.71000003815
 6.71000003815
 6.71000003815
 6.71000003815
 6.71000003815
 6.78999996185
 6.78999996185
 6.71000003815
 6.71000003815
 6.86999988556
 6.78999996185
 6.71000003815
 6.78999996185
 6.78999996185
 6.78999996185
 6.78999996185
 6.71000003815
 6.78999996185
 6.86999988556
 6.78999996185
 6.78999996185
 6.78999996185
 6.86999988556
 6.78999996185
 6.86999988556
 6.86999988556
 6.86999988556
 6.86999988556
 6.86999988556
 6.86999988556
 6.86999988556
 6.86999988556
 6.86999988556
 6.94999980927
 6.86999988556
 6.86999988556
 6.86999988556
 6.86999988556
 6.86999988556
 6.94999980927
 6.94999980927
 6.94999980927
 6.94999980927
 6.94999980927
 7.03000020981
 6.94999980927
 6.94999980927
 6.94999980927
 7.03000020981
 7.03000020981
 7.03000020981
 7.03000020981
 7.03000020981
 7.03000020981
 7.03000020981
 7.03000020981
 7.11999988556
 7.03000020981
 7.03000020981
 7.03000020981
 7.11999988556
 7.11999988556
 7.03000020981
 7.11999988556
 7.11999988556
 7.11999988556
 7.11999988556
 7.03000020981
 7.03000020981
 7.11999988556
 7.11999988556
 7.11999988556
 7.03000020981
 7.11999988556
 7.19999980927
 7.11999988556
 7.11999988556
 7.11999988556
 7.11999988556
 7.11999988556
 7.11999988556
 7.11999988556
 7.19999980927
 7.19999980927
 7.11999988556
 7.11999988556
 7.11999988556
 7.19999980927
 7.19999980927
 7.11999988556
 7.11999988556
 7.19999980927
 7.19999980927
 7.11999988556
 7.11999988556
 7.11999988556
 7.19999980927
 7.11999988556
 7.11999988556
 7.11999988556
 7.19999980927
 7.11999988556
 7.11999988556
 7.19999980927
 7.19999980927
 7.11999988556
 7.11999988556
 7.19999980927
 7.19999980927
 7.19999980927
 7.19999980927
 7.11999988556
 7.11999988556
 7.19999980927
 7.11999988556
 7.11999988556
 7.11999988556
 7.19999980927
 7.11999988556
 7.11999988556
 7.11999988556
 7.19999980927
 7.11999988556
 7.11999988556
 7.19999980927
 7.19999980927
 7.28000020981
 7.11999988556
 7.19999980927
 7.19999980927
 7.19999980927
 7.19999980927
 7.19999980927
 7.28000020981
 7.28000020981
 7.19999980927
 7.19999980927
 7.19999980927
 7.19999980927
 7.28000020981
 7.28000020981
 7.28000020981
 7.28000020981
 7.28000020981
 7.28000020981
 7.36000013351
 7.36000013351
 7.36000013351
 7.44000005722
 7.36000013351
 7.36000013351
 7.36000013351
 7.36000013351
 7.28000020981
 7.36000013351
 7.36000013351
 7.36000013351
 7.44000005722
 7.36000013351
 7.44000005722
 7.44000005722
 7.44000005722
 7.44000005722
 7.51999998093
 7.44000005722
 7.36000013351
 7.44000005722
 7.44000005722
 7.44000005722
 7.44000005722
 7.44000005722
 7.44000005722
 7.44000005722
 7.51999998093
 7.36000013351
 7.44000005722
 7.44000005722
 7.51999998093
 7.44000005722
 7.36000013351
 7.44000005722
 7.44000005722
 7.36000013351
 7.44000005722
 7.51999998093
 7.44000005722
 7.51999998093
 7.44000005722
 7.44000005722
 7.44000005722
 7.51999998093
 7.51999998093
 7.44000005722
 7.44000005722
 7.44000005722
 7.44000005722
 7.44000005722
 7.51999998093
 7.44000005722
 7.44000005722
 7.44000005722
 7.44000005722
 7.44000005722
 7.44000005722
 7.44000005722
 7.44000005722
 7.44000005722
 7.36000013351
 7.36000013351
 7.44000005722
 7.44000005722
 7.44000005722
 7.36000013351
 7.44000005722
 7.44000005722
 7.44000005722
 7.36000013351
 7.44000005722
 7.44000005722
 7.44000005722
 7.44000005722
 7.36000013351
 7.44000005722
 7.36000013351
 7.44000005722
 7.36000013351
 7.44000005722
 7.44000005722
 7.51999998093
 7.44000005722
 7.36000013351
 7.36000013351
 7.51999998093
 7.44000005722
 7.36000013351
 7.44000005722
 7.44000005722
 7.44000005722
 7.44000005722
 7.44000005722
 7.44000005722
 7.44000005722
 7.36000013351
 7.44000005722
 7.44000005722
 7.44000005722
 7.44000005722
 7.51999998093
 7.44000005722
 7.44000005722
 7.44000005722
 7.51999998093
 7.51999998093
 7.44000005722
 7.51999998093
 7.51999998093
 7.44000005722
 7.44000005722
 7.44000005722
 7.44000005722
 7.44000005722
 7.51999998093
 7.44000005722
 7.44000005722
 7.44000005722
 7.44000005722
 7.44000005722
 7.44000005722
 7.44000005722
 7.44000005722
 7.44000005722
 7.44000005722
 7.44000005722
 7.36000013351
 7.36000013351
 7.44000005722
 7.44000005722
 7.44000005722
 7.51999998093
 7.44000005722
 7.36000013351
 7.44000005722
 7.44000005722
 7.44000005722
 7.44000005722
 7.36000013351
 7.36000013351
 7.44000005722
 7.36000013351
 7.28000020981
 7.28000020981
 7.28000020981
 7.28000020981
 7.19999980927
 7.19999980927
 7.19999980927
 7.28000020981
 7.44000005722
 7.44000005722
 7.44000005722
 7.36000013351
 7.44000005722
 7.36000013351
 7.36000013351
 7.28000020981
 7.28000020981
 7.19999980927
 7.11999988556
 7.19999980927
 7.11999988556
 7.11999988556
 7.11999988556
 7.11999988556
 7.11999988556
 7.19999980927
 7.28000020981
 7.28000020981
 7.28000020981
 7.19999980927
 7.19999980927
 7.11999988556
 7.19999980927
 7.11999988556
 7.11999988556
 7.03000020981
 7.03000020981
 7.03000020981
 7.03000020981
 7.03000020981
 7.03000020981
 7.11999988556
 7.11999988556
 7.11999988556
 7.03000020981
 7.03000020981
 7.03000020981
 6.94999980927
 6.94999980927
 6.94999980927
 6.86999988556
 6.86999988556
 6.78999996185
 6.86999988556
 6.86999988556
 6.94999980927
 6.94999980927
 6.94999980927
 6.94999980927
 6.86999988556
 6.86999988556
 6.78999996185
 6.78999996185
 6.78999996185
 6.78999996185
 6.71000003815
 6.71000003815
 6.71000003815
 6.78999996185
 6.78999996185
 6.78999996185
 6.78999996185
 6.71000003815
 6.71000003815
 6.61999988556
 6.61999988556
 6.53999996185
 6.46000003815
 6.53999996185
 6.61999988556
 6.61999988556
 6.46000003815
 6.46000003815
 6.61999988556
 6.61999988556
 6.61999988556
 6.61999988556
 6.61999988556
 6.53999996185
 6.53999996185
 6.46000003815
 6.46000003815
 6.46000003815
 6.38000011444
 6.38000011444
 6.38000011444
 6.30000019073
 6.38000011444
 6.38000011444
 6.46000003815
 6.46000003815
 6.38000011444
 6.46000003815
 6.38000011444
 6.30000019073
 6.38000011444
 6.30000019073
 6.21999979019
 6.21999979019
 6.13000011444
 6.13000011444
 6.30000019073
 6.30000019073
 6.21999979019
 6.05000019073
 6.13000011444
 6.13000011444
 6.13000011444
 6.13000011444
 6.05000019073
 6.05000019073
 6.05000019073
 6.05000019073
 5.96999979019
 5.96999979019
 6.13000011444
 6.13000011444
 6.05000019073
 6.05000019073
 6.05000019073
 5.96999979019
 5.96999979019
 5.96999979019
 5.88999986649
 5.88999986649
 5.80999994278
 5.80999994278
 5.80999994278
 5.71999979019
 5.80999994278
 5.71999979019
 5.88999986649
 5.88999986649
 5.88999986649
 5.88999986649
 5.88999986649
 5.88999986649
 5.80999994278
 5.80999994278
 5.80999994278
 5.80999994278
 5.71999979019
 5.71999979019
 5.71999979019
 5.63999986649
 5.63999986649
 5.63999986649
 5.71999979019
 5.71999979019
 5.71999979019
 5.71999979019
 5.71999979019
 5.71999979019
 5.63999986649
 5.48000001907
 5.30999994278
 5.40000009537
 5.63999986649
 5.63999986649
 5.55999994278
 5.30999994278
 5.48000001907
 5.48000001907
 5.55999994278
 5.40000009537
 5.23000001907
 5.30999994278
 5.40000009537
 5.40000009537
 5.15000009537
 5.15000009537
 5.23000001907
 5.30999994278
 5.23000001907
 5.15000009537
 5.15000009537
 5.15000009537
 5.07000017166
 4.98999977112
 4.98999977112
 4.98999977112
 4.98999977112
 4.90999984741
 4.82000017166
 4.82000017166
 4.82000017166
 4.82000017166
 4.73999977112
 4.65999984741
 4.65999984741
 4.65999984741
 4.57999992371
 4.57999992371
 4.40999984741
 4.40999984741
 4.5
 4.40999984741
 4.32999992371
 4.32999992371
 4.25
 4.17000007629
 4.17000007629
 4.17000007629
 4.09000015259
 4.01999998093
 3.99000000954
 4.03999996185
 3.96000003815
 3.86999988556
 3.84999990463
 3.8599998951
 3.84999990463
 3.74000000954
 3.71000003815
 3.68000006676
 3.70000004768
 3.70000004768
 3.6099998951
 3.54999995232
 3.51999998093
 3.54999995232
 3.54999995232
 3.48000001907
 3.41000008583
 3.42000007629
 3.43000006676
 3.36999988556
 3.3900001049
 3.44000005722
 3.5
 3.46000003815
 3.41000008583
 3.41000008583
 3.36999988556
 3.3599998951
 3.33999991417
 3.28999996185
 3.28999996185
 3.24000000954
 3.20000004768
 3.20000004768
 3.17000007629
 3.11999988556
 3.11999988556
 3.04999995232
 2.91000008583
 2.86999988556
 2.88000011444
 3.19000005722
 3.25
 3.04999995232
 2.80999994278
 2.73000001907
 2.92000007629
 3.05999994278
 2.99000000954
 2.72000002861
 2.67000007629
 2.77999997139
 2.8900001049
 2.71000003815
 2.58999991417
 2.6099998951
 2.74000000954
 2.73000001907
 2.52999997139
 2.43000006676
 2.49000000954
 2.58999991417
 2.49000000954
 2.3900001049
 2.30999994278
 2.41000008583
 2.42000007629
 2.32999992371
 2.18000006676
 2.16000008583
 2.22000002861
 2.24000000954
 2.21000003815
 2.08999991417
 2.01999998093
 2.04999995232
 2.05999994278
 1.95000004768
 1.88999998569
 2.01999998093
 2.07999992371
 2.02999997139
 1.82000005245
 1.80999994278
 1.87000000477
 1.88999998569
 1.75999999046
 1.70000004768
 1.70000004768
 1.73000001907
 1.71000003815
 1.51999998093
 1.44000005722
 1.5
 1.62000000477
 1.48000001907
 1.37999999523
 1.29999995232
 1.37999999523
 1.37000000477
 1.23000001907
 1.13999998569
 1.15999996662
 1.30999994278
 1.33000004292
 1.30999994278
 1.28999996185
 1.26999998093
 1.26999998093
 1.25
 1.11000001431
 1.0
 0.879999995232
 0.870000004768
 0.860000014305
 0.839999973774
 0.829999983311
 0.829999983311
 0.819999992847
 0.810000002384
 0.819999992847
 0.860000014305
 0.870000004768
 0.850000023842
 0.800000011921
 0.740000009537
 0.709999978542
 0.639999985695
 0.629999995232
 0.670000016689
 0.709999978542
 0.649999976158
 0.600000023842
 0.52999997139
 0.550000011921
 0.569999992847
 0.540000021458
 0.460000008345
 0.419999986887
 0.409999996424
 0.419999986887
 0.409999996424
 0.340000003576
 0.280000001192
 0.270000010729
 0.289999991655
 0.259999990463
 0.219999998808
 0.159999996424
 0.119999997318
 0.109999999404
 0.10000000149
 0.0799999982119
 0.0599999986589
 0.0299999993294
 0.00999999977648
 0.00999999977648
 0.00999999977648
 0.00999999977648
 0.00999999977648
 0.00999999977648
 0.00999999977648
 0.00999999977648
 0.0
 0.0
 0.0
 0.0
 0.0
 0.0
 0.0
 0.0
