 575709.960161
 575709.960161
 575709.960164
 575709.960166
 575709.960169
 575709.960171
 575709.960176
 575709.960178
 575709.960181
 575709.960183
 575709.960186
 575709.960191
 575709.960193
 575709.960195
 575709.960198
 575709.9602
 575709.960205
 575709.960208
 575709.96021
 575709.960212
 575709.960215
 575709.96022
 575709.960222
 575709.960225
 575709.960227
 575709.96023
 575709.960234
 575709.960237
 575709.960239
 575709.960242
 575709.960244
 575709.960249
 575709.960251
 575709.960254
 575709.960256
 575709.960259
 575709.960263
 575709.960266
 575709.960268
 575709.960271
 575709.960273
 575709.960278
 575709.96028
 575709.960283
 575709.960285
 575709.960288
 575709.960292
 575709.960295
 575709.960297
 575709.9603
 575709.960302
 575709.960307
 575709.960307
 575709.960309
 575709.960311
 575709.960314
 575709.960316
 575709.960321
 575709.960323
 575709.960326
 575709.960328
 575709.96033
 575709.960335
 575709.960337
 575709.96034
 575709.960342
 575709.960344
 575709.960349
 575709.960351
 575709.960354
 575709.960356
 575709.960358
 575709.960363
 575709.960366
 575709.960368
 575709.96037
 575709.960373
 575709.960377
 575709.96038
 575709.960382
 575709.960384
 575709.960387
 575709.960391
 575709.960393
 575709.960396
 575709.960398
 575709.9604
 575709.960405
 575709.960407
 575709.96041
 575709.960412
 575709.960414
 575709.960419
 575709.960421
 575709.960424
 575709.960426
 575709.960428
 575709.960433
 575709.960435
 575709.960437
 575709.96044
 575709.960442
 575709.960447
 575709.960447
 575709.960449
 575709.960451
 575709.960453
 575709.960456
 575709.96046
 575709.960462
 575709.960465
 575709.960467
 575709.960469
 575709.960474
 575709.960476
 575709.960478
 575709.960481
 575709.960483
 575709.960488
 575709.96049
 575709.960492
 575709.960494
 575709.960497
 575709.960501
 575709.960503
 575709.960505
 575709.960508
 575709.96051
 575709.960514
 575709.960517
 575709.960519
 575709.960521
 575709.960523
 575709.960528
 575709.96053
 575709.960532
 575709.960534
 575709.960536
 575709.96054
 575709.960542
 575709.960544
 575709.960547
 575709.960549
 575709.960553
 575709.960555
 575709.960557
 575709.96056
 575709.960562
 575709.960566
 575709.960568
 575709.96057
 575709.960572
 575709.960574
 575709.960579
 575709.960579
 575709.960581
 575709.960583
 575709.960585
 575709.960587
 575709.960591
 575709.960593
 575709.960595
 575709.960597
 575709.960599
 575709.960604
 575709.960606
 575709.960608
 575709.96061
 575709.960612
 575709.960616
 575709.960618
 575709.96062
 575709.960622
 575709.960624
 575709.960628
 575709.96063
 575709.960632
 575709.960634
 575709.960636
 575709.96064
 575709.960642
 575709.960644
 575709.960646
 575709.960648
 575709.960653
 575709.960655
 575709.960657
 575709.960659
 575709.960661
 575709.960665
 575709.960668
 575709.96067
 575709.960672
 575709.960674
 575709.960678
 575709.96068
 575709.960683
 575709.960685
 575709.960687
 575709.960691
 575709.960693
 575709.960695
 575709.960697
 575709.960699
 575709.960704
 575709.960704
 575709.960706
 575709.960708
 575709.96071
 575709.960712
 575709.960716
 575709.960718
 575709.96072
 575709.960722
 575709.960725
 575709.960729
 575709.960731
 575709.960733
 575709.960735
 575709.960736
 575709.96074
 575709.960742
 575709.960743
 575709.960745
 575709.960746
 575709.960749
 575709.96075
 575709.960751
 575709.960752
 575709.960752
 575709.960753
 575709.960753
 575709.960753
 575709.960752
 575709.960752
 575709.96075
 575709.960748
 575709.960746
 575709.960744
 575709.960741
 575709.960735
 575709.960731
 575709.960727
 575709.960722
 575709.960716
 575709.960703
 575709.960696
 575709.960688
 575709.96068
 575709.96067
 575709.960649
 575709.960637
 575709.960624
 575709.96061
 575709.960595
 575709.960563
 575709.960563
 575709.960545
 575709.85893
 575709.851095
 575709.842887
 575709.834267
 575709.825264
 575709.815867
 575709.806098
 575709.795914
 575709.785356
 575709.774359
 575709.762941
 575709.751055
 575709.738676
 575709.725791
 575709.7124
 575709.69849
 575709.684086
 575709.669168
 575709.653724
 575709.637768
 575709.621302
 575709.604288
 575709.586769
 575709.568729
 575709.550197
 575709.531133
 575709.511567
 575709.491416
 575709.470716
 575709.449416
 575709.427591
 575709.405231
 575709.38239
 575709.358903
 575709.334837
 575709.310259
 575709.285088
 575709.259349
 575709.233135
 575709.206348
 575709.179048
 575709.151209
 575709.122817
 575709.093843
 575709.064422
 575709.034436
 575709.003984
 575708.973081
 575708.94161
 575708.94161
 575708.909578
 575708.876959
 575708.843895
 575708.810361
 575708.776411
 575708.741958
 575708.706964
 575708.671435
 575708.635386
 575708.598821
 575708.561748
 575708.52428
 575708.486338
 575708.447999
 575708.409112
 575708.369768
 575708.330034
 575708.289887
 575708.249441
 575708.208659
 575708.167516
 575708.126025
 575708.08408
 575708.041697
 575707.999054
 575707.956072
 575707.912734
 575707.869088
 575707.825122
 575707.78076
 575707.736148
 575707.691262
 575707.646113
 575707.6007
 575707.555103
 575707.509148
 575707.462942
 575707.416441
 575707.3696
 575707.322412
 575707.274962
 575707.227304
 575707.179315
 575707.131157
 575707.08259
 575707.033971
 575706.984866
 575706.935572
 575706.885917
 575706.836066
 575706.836066
 575706.785923
 575706.735563
 575706.684882
 575706.633964
 575706.582648
 575706.531031
 575706.479196
 575706.427054
 575706.374709
 575706.3221
 575706.269252
 575706.216043
 575706.162605
 575706.108992
 575706.055077
 575706.00081
 575705.946393
 575705.891612
 575705.836449
 575705.780995
 575705.725336
 575705.669443
 575705.613401
 575705.556984
 575705.500498
 575705.443568
 575705.386446
 575705.329072
 575705.271513
 575705.213724
 575705.15576
 575705.097604
 575705.039089
 575704.980427
 575704.921544
 575704.862504
 575704.803228
 575704.743761
 575704.683932
 575704.623923
 575704.563774
 575704.50325
 575704.442626
 575704.381758
 575704.320639
 575704.259505
 575704.19788
 575704.136207
 575704.074275
 575704.012249
 575704.012249
 575703.949969
 575703.887582
 575703.824861
 575703.761952
 575703.698824
 575703.635519
 575703.572002
 575703.508463
 575703.444602
 575703.380674
 575703.316694
 575703.252498
 575703.188212
 575703.123867
 575703.059409
 575702.994773
 575702.930001
 575702.865131
 575702.80007
 575702.735001
 575702.669771
 575702.604393
 575702.53901
 575702.473449
 575702.407696
 575702.341887
 575702.276006
 575702.210024
 575702.143732
 575702.077496
 575702.010986
 575701.944261
 575701.87746
 575701.810476
 575701.743257
 575701.675946
 575701.608576
 575701.540976
 575701.473308
 575701.405501
 575701.337643
 575701.269495
 575701.201274
 575701.132843
 575701.064369
 575700.995658
 575700.926788
 575700.857745
 575700.788529
 575700.7191
 575700.7191
 575700.649607
 575700.579903
 575700.510207
 575700.440344
 575700.370345
 575700.300143
 575700.22973
 575700.15925
 575700.088669
 575700.017926
 575699.947048
 575699.875939
 575699.804716
 575699.73339
 575699.661817
 575699.589949
 575699.517992
 575699.445869
 575699.373676
 575699.301337
 575699.228739
 575699.155964
 575699.083137
 575699.009959
 575698.936691
 575698.863229
 575698.78949
 575698.715444
 575698.641256
 575698.566902
 575698.492299
 575698.417527
 575698.342575
 575698.267518
 575698.192135
 575698.116722
 575698.041182
 575697.96549
 575697.88952
 575697.813484
 575697.73719
 575697.660577
 575697.583735
 575697.506624
 575697.429245
 575697.351636
 575697.27387
 575697.195917
 575697.117662
 575697.039283
 575697.039283
 575696.960894
 575696.882347
 575696.803847
 575696.725225
 575696.646407
 575696.567432
 575696.488222
 575696.408864
 575696.329518
 575696.25014
 575696.170709
 575696.09133
 575696.011827
 575695.932272
 575695.852628
 575695.772834
 575695.693151
 575695.613434
 575695.533527
 575695.453608
 575695.373316
 575695.292949
 575695.212448
 575695.131858
 575695.051224
 575694.9706
 575694.889772
 575694.80888
 575694.727652
 575694.646332
 575694.565083
 575694.483808
 575694.402425
 575694.320853
 575694.239273
 575694.157571
 575694.075761
 575693.993938
 575693.912042
 575693.830086
 575693.747977
 575693.665608
 575693.583251
 575693.500659
 575693.417912
 575693.335185
 575693.252368
 575693.169331
 575693.085922
 575693.002382
 575693.002382
 575692.918753
 575692.835051
 575692.751123
 575692.667186
 575692.583003
 575692.498835
 575692.414395
 575692.32986
 575692.245272
 575692.160573
 575692.075819
 575691.99089
 575691.905603
 575691.820318
 575691.73479
 575691.649151
 575691.563282
 575691.477386
 575691.391134
 575691.304722
 575691.218019
 575691.131173
 575691.044368
 575690.957247
 575690.870419
 575690.783437
 575690.696477
 575690.609733
 575690.522778
 575690.436139
 575690.349516
 575690.262876
 575690.176241
 575690.089721
 575690.003211
 575689.916891
 575689.830443
 575689.744231
 575689.657957
 575689.571765
 575689.485752
 575689.399721
 575689.313692
 575689.227659
 575689.141894
 575689.055942
 575688.970029
 575688.88432
 575688.79871
 575688.713157
 575688.713157
 575688.627752
 575688.542438
 575688.457375
 575688.372469
 575688.287529
 575688.202822
 575688.118209
 575688.033721
 575687.949305
 575687.865071
 575687.780948
 575687.696772
 575687.612852
 575687.528766
 575687.444735
 575687.360842
 575687.277052
 575687.193165
 575687.109565
 575687.025877
 575686.942372
 575686.858813
 575686.775606
 575686.692242
 575686.609217
 575686.526
 575686.443056
 575686.35998
 575686.277073
 575686.194143
 575686.111478
 575686.02898
 575685.946741
 575685.864481
 575685.78244
 575685.70027
 575685.618388
 575685.536347
 575685.454499
 575685.372576
 575685.290711
 575685.208804
 575685.127077
 575685.045427
 575684.963904
 575684.882339
 575684.800746
 575684.718383
 575684.636127
 575684.553487
 575684.553487
 575684.471002
 575684.388555
 575684.306344
 575684.22413
 575684.141165
 575684.058036
 575683.974497
 575683.890778
 575683.80687
 575683.723318
 575683.639504
 575683.555504
 575683.470901
 575683.385786
 575683.300101
 575683.214237
 575683.128047
 575683.0419
 575682.955346
 575682.868499
 575682.781091
 575682.693273
 575682.60512
 575682.516717
 575682.428139
 575682.339258
 575682.24979
 575682.159834
 575682.069316
 575681.978382
 575681.887085
 575681.795534
 575681.703711
 575681.611461
 575681.518458
 575681.425017
 575681.330701
 575681.236209
 575681.141177
 575681.045863
 575680.95038
 575680.854321
 575680.757868
 575680.660909
 575680.563808
 575680.466272
 575680.368405
 575680.270312
 575680.171713
 575680.072873
 575679.973391
 575679.873808
 575679.773824
 575679.673438
 575679.572619
 575679.47145
 575679.36992
 575679.268092
 575679.165803
 575679.063136
 575678.960239
 575678.856961
 575678.753424
 575678.649616
 575678.545284
 575678.440816
 575678.336008
 575678.230788
 575678.125752
 575678.020193
 575677.914335
 575677.808034
 575677.701463
 575677.594584
 575677.487505
 575677.380258
 575677.272636
 575677.164876
 575677.056762
 575676.948675
 575676.840434
 575676.73232
 575676.623993
 575676.515631
 575676.406553
 575676.297376
 575676.188014
 575676.078613
 575675.969017
 575675.859507
 575675.749436
 575675.6392
 575675.528847
 575675.41803
 575675.30755
 575675.196749
 575675.086013
 575674.974834
 575674.863236
 575674.751516
 575674.751516
 575674.639497
 575674.527694
 575674.415588
 575674.303521
 575674.19097
 575674.078402
 575673.965559
 575673.85253
 575673.739442
 575673.626238
 575673.512925
 575673.399346
 575673.285418
 575673.171351
 575673.057358
 575672.943252
 575672.829081
 575672.714883
 575672.600452
 575672.485753
 575672.371043
 575672.256136
 575672.141315
 575672.026217
 575671.911104
 575671.795842
 575671.680473
 575671.564899
 575671.449506
 575671.33399
 575671.218199
 575671.102492
 575670.986301
 575670.87033
 575670.754175
 575670.637722
 575670.521396
 575670.404786
 575670.288105
 575670.171205
 575670.054453
 575669.937725
 575669.82096
 575669.704144
 575669.587491
 575669.470842
 575669.354203
 575669.23737
 575669.120692
 575669.003752
 575669.003752
 575668.886613
 575668.769424
 575668.652342
 575668.535209
 575668.417947
 575668.300748
 575668.183407
 575668.066219
 575667.949068
 575667.831824
 575667.714931
 575667.597862
 575667.480825
 575667.363776
 575667.246511
 575667.129342
 575667.011999
 575666.894703
 575666.777461
 575666.660063
 575666.542663
 575666.425385
 575666.307862
 575666.190626
 575666.073382
 575665.956215
 575665.839245
 575665.722173
 575665.605096
 575665.487966
 575665.370893
 575665.253767
 575665.136781
 575665.019673
 575664.902715
 575664.785669
 575664.668486
 575664.551543
 575664.434174
 575664.317064
 575664.199998
 575664.082909
 575663.965813
 575663.848786
 575663.731709
 575663.614693
 575663.497535
 575663.380692
 575663.263896
 575663.147093
 575663.147093
 575663.03045
 575662.913534
 575662.796705
 575662.679992
 575662.56302
 575662.44612
 575662.329298
 575662.212216
 575662.095416
 575661.978433
 575661.861388
 575661.74444
 575661.627321
 575661.510366
 575661.393425
 575661.276494
 575661.159769
 575661.042988
 575660.926067
 575660.809234
 575660.692263
 575660.575328
 575660.458474
 575660.341549
 575660.224618
 575660.107377
 575659.990187
 575659.87302
 575659.755737
 575659.638385
 575659.521269
 575659.403981
 575659.286979
 575659.169889
 575659.052937
 575658.93605
 575658.81908
 575658.702226
 575658.585339
 575658.468463
 575658.351733
 575658.234803
 575658.117804
 575658.000651
 575657.883519
 575657.766146
 575657.649056
 575657.53179
 575657.41472
 575657.297493
 575657.297493
 575657.180397
 575657.063461
 575656.946473
 575656.829385
 575656.712424
 575656.595473
 575656.478374
 575656.361187
 575656.243886
 575656.126726
 575656.009059
 575655.89155
 575655.774108
 575655.656701
 575655.539478
 575655.422278
 575655.304966
 575655.187867
 575655.070551
 575654.953355
 575654.836004
 575654.718549
 575654.600987
 575654.483374
 575654.365646
 575654.247948
 575654.13004
 575654.012086
 575653.894134
 575653.776187
 575653.658234
 575653.540244
 575653.422152
 575653.304034
 575653.185843
 575653.067615
 575652.949437
 575652.831187
 575652.712904
 575652.594683
 575652.476241
 575652.357918
 575652.239482
 575652.121003
 575652.002503
 575651.88412
 575651.765352
 575651.646907
 575651.528119
 575651.40935
 575651.40935
 575651.290771
 575651.171732
 575651.052655
 575650.933571
 575650.814476
 575650.69529
 575650.575919
 575650.456464
 575650.336887
 575650.217195
 575650.097301
 575649.977756
 575649.857819
 575649.737954
 575649.61821
 575649.498132
 575649.377944
 575649.257616
 575649.137268
 575649.016717
 575648.896078
 575648.775166
 575648.654238
 575648.533251
 575648.411884
 575648.290644
 575648.169291
 575648.047898
 575647.926382
 575647.804853
 575647.683216
 575647.561768
 575647.440241
 575647.318736
 575647.196782
 575647.075195
 575646.952899
 575646.830973
 575646.708562
 575646.586191
 575646.463523
 575646.340827
 575646.217828
 575646.094807
 575645.971816
 575645.848878
 575645.725517
 575645.602239
 575645.478801
 575645.35529
 575645.35529
 575645.231701
 575645.107616
 575644.983137
 575644.85851
 575644.73382
 575644.608987
 575644.484288
 575644.359564
 575644.234563
 575644.109402
 575643.984324
 575643.858941
 575643.733515
 575643.608016
 575643.482528
 575643.356889
 575643.231032
 575643.105182
 575642.979402
 575642.853694
 575642.727995
 575642.602314
 575642.476023
 575642.349681
 575642.223375
 575642.097032
 575641.970119
 575641.843193
 575641.716421
 575641.58951
 575641.46256
 575641.335656
 575641.208502
 575641.081453
 575640.954101
 575640.826701
 575640.698925
 575640.571432
 575640.443783
 575640.315944
 575640.188073
 575640.060013
 575639.932275
 575639.804332
 575639.675908
 575639.547478
 575639.418865
 575639.290481
 575639.161297
 575639.032319
 575639.032319
 575638.903222
 575638.774212
 575638.644992
 575638.515735
 575638.386523
 575638.257295
 575638.127889
 575637.998293
 575637.868962
 575637.739489
 575637.609997
 575637.480586
 575637.350992
 575637.221382
 575637.091671
 575636.961915
 575636.831935
 575636.701944
 575636.571931
 575636.441756
 575636.31155
 575636.18123
 575636.050956
 575635.920602
 575635.790153
 575635.659817
 575635.52928
 575635.398779
 575635.268172
 575635.137468
 575635.006643
 575634.875989
 575634.74489
 575634.614102
 575634.483005
 575634.352021
 575634.220887
 575634.089927
 575633.95873
 575633.827714
 575633.696674
 575633.565338
 575633.43396
 575633.302671
 575633.170949
 575633.039437
 575632.907484
 575632.77577
 575632.644217
 575632.512552
 575632.512552
 575632.38076
 575632.249198
 575632.117873
 575631.986417
 575631.854739
 575631.72317
 575631.591645
 575631.459883
 575631.328046
 575631.196178
 575631.06428
 575630.932837
 575630.800711
 575630.668637
 575630.536875
 575630.404882
 575630.272741
 575630.14072
 575630.008479
 575629.876075
 575629.743794
 575629.611298
 575629.478629
 575629.345992
 575629.2133
 575629.080514
 575628.947335
 575628.814186
 575628.681239
 575628.547921
 575628.414723
 575628.28128
 575628.148071
 575628.014662
 575627.881241
 575627.747596
 575627.613889
 575627.480035
 575627.346398
 575627.212482
 575627.078471
 575626.944418
 575626.81047
 575626.676518
 575626.542297
 575626.408215
 575626.274023
 575626.139943
 575626.005633
 575625.871378
 575625.871378
 575625.736896
 575625.602539
 575625.469415
 575625.33584
 575625.202454
 575625.068824
 575624.935695
 575624.801983
 575624.66867
 575624.535051
 575624.401695
 575624.267969
 575624.134862
 575624.00144
 575623.868197
 575623.734777
 575623.601934
 575623.468767
 575623.335697
 575623.202765
 575623.06994
 575622.936836
 575622.804188
 575622.671271
 575622.538707
 575622.406158
 575622.273361
 575622.14092
 575622.008721
 575621.876417
 575621.744542
 575621.612582
 575621.480786
 575621.348882
 575621.217416
 575621.085626
 575620.954372
 575620.822567
 575620.691362
 575620.559834
 575620.428931
 575620.297274
 575620.166499
 575620.035296
 575619.90468
 575619.773576
 575619.642931
 575619.511713
 575619.381647
 575619.250733
 575619.250733
 575619.120196
 575618.989095
 575618.858249
 575618.727271
 575618.596367
 575618.465815
 575618.335325
 575618.204859
 575618.07446
 575617.94392
 575617.813746
 575617.683312
 575617.552869
 575617.422532
 575617.292559
 575617.162409
 575617.032333
 575616.902456
 575616.77266
 575616.643081
 575616.513429
 575616.383944
 575616.25475
 575616.125173
 575615.995972
 575615.866413
 575615.737468
 575615.607865
 575615.479072
 575615.349803
 575615.221239
 575615.0921
 575614.963309
 575614.834522
 575614.705742
 575614.577196
 575614.448526
 575614.319937
 575614.191428
 575614.062975
 575613.93435
 575613.805839
 575613.677791
 575613.549631
 575613.421441
 575613.293292
 575613.165586
 575613.037748
 575612.910119
 575612.782303
 575612.782303
 575612.655029
 575612.527331
 575612.399869
 575612.272328
 575612.145006
 575612.017825
 575611.890657
 575611.763597
 575611.636704
 575611.509829
 575611.383318
 575611.256686
 575611.130251
 575611.003552
 575610.877317
 575610.750877
 575610.624513
 575610.498428
 575610.372408
 575610.246514
 575610.120687
 575609.994979
 575609.869216
 575609.743663
 575609.618146
 575609.492575
 575609.366891
 575609.241368
 575609.116152
 575608.991036
 575608.865539
 575608.740279
 575608.615382
 575608.490346
 575608.365659
 575608.240917
 575608.116311
 575607.991763
 575607.867366
 575607.74303
 575607.618394
 575607.494068
 575607.369836
 575607.245736
 575607.121689
 575606.997715
 575606.874004
 575606.750199
 575606.626635
 575606.502892
 575606.502892
 575606.379395
 575606.255646
 575606.131878
 575606.008118
 575605.884288
 575605.760546
 575605.636887
 575605.513452
 575605.390023
 575605.266941
 575605.143687
 575605.020838
 575604.89771
 575604.774712
 575604.651768
 575604.528842
 575604.40592
 575604.283093
 575604.16024
 575604.037178
 575603.914461
 575603.791532
 575603.667963
 575603.54415
 575603.42018
 575603.296163
 575603.172246
 575603.048358
 575602.9248
 575602.801082
 575602.677105
 575602.552449
 575602.428021
 575602.303286
 575602.178716
 575602.054376
 575601.929974
 575601.805811
 575601.68166
 575601.55798
 575601.434518
 575601.31127
 575601.187639
 575601.06457
 575600.941127
 575600.817786
 575600.694531
 575600.571137
 575600.44769
 575600.324108
 575600.324108
 575600.200733
 575600.077544
 575599.954622
 575599.831763
 575599.70899
 575599.586128
 575599.46371
 575599.341452
 575599.219289
 575599.097257
 575598.975274
 575598.853219
 575598.731307
 575598.609
 575598.486814
 575598.364603
 575598.24246
 575598.120289
 575597.99831
 575597.876375
 575597.754161
 575597.632227
 575597.510445
 575597.388542
 575597.266686
 575597.145092
 575597.023166
 575596.901511
 575596.779544
 575596.657866
 575596.536318
 575596.41496
 575596.293582
 575596.172476
 575596.051166
 575595.930255
 575595.809161
 575595.688391
 575595.567425
 575595.446863
 575595.326286
 575595.20571
 575595.085607
 575594.965294
 575594.845183
 575594.72483
 575594.604975
 575594.484655
 575594.365189
 575594.245317
 575594.245317
 575594.125563
 575594.005797
 575593.886437
 575593.766996
 575593.648041
 575593.528829
 575593.409643
 575593.290673
 575593.171886
 575593.053348
 575592.935155
 575592.81693
 575592.699313
 575592.581433
 575592.463983
 575592.34648
 575592.228943
 575592.111972
 575591.995558
 575591.879105
 575591.76328
 575591.647392
 575591.531749
 575591.416383
 575591.301072
 575591.186154
 575591.07192
 575590.95783
 575590.844482
 575590.731121
 575590.618147
 575590.505407
 575590.392712
 575590.280624
 575590.16869
 575590.057212
 575589.946034
 575589.83516
 575589.724787
 575589.614186
 575589.504267
 575589.39439
 575589.285066
 575589.175903
 575589.066925
 575588.958281
 575588.849318
 575588.740524
 575588.631613
 575588.52335
 575588.52335
 575588.414742
 575588.30627
 575588.19752
 575588.089012
 575587.980674
 575587.872335
 575587.764384
 575587.656329
 575587.548506
 575587.440663
 575587.332907
 575587.225332
 575587.117931
 575587.010569
 575586.903264
 575586.796182
 575586.688886
 575586.582234
 575586.475302
 575586.368795
 575586.262276
 575586.156097
 575586.050026
 575585.944033
 575585.838357
 575585.732876
 575585.627302
 575585.522016
 575585.416554
 575585.311364
 575585.206249
 575585.101092
 575584.996356
 575584.891525
 575584.787016
 575584.682529
 575584.578485
 575584.474247
 575584.370499
 575584.266424
 575584.162629
 575584.059291
 575583.956313
 575583.853902
 575583.751653
 575583.649649
 575583.547762
 575583.446129
 575583.344743
 575583.243941
 575583.243941
 575583.143205
 575583.043307
 575582.944543
 575582.845867
 575582.747409
 575582.649107
 575582.551445
 575582.45398
 575582.357102
 575582.260437
 575582.164527
 575582.06864
 575581.973374
 575581.87819
 575581.783541
 575581.68945
 575581.595876
 575581.502688
 575581.410011
 575581.317437
 575581.22551
 575581.133756
 575581.042736
 575580.951975
 575580.861823
 575580.771867
 575580.682476
 575580.593159
 575580.50438
 575580.415848
 575580.327971
 575580.240238
 575580.152941
 575580.065802
 575579.979277
 575579.89283
 575579.807066
 575579.721316
 575579.636321
 575579.551478
 575579.467342
 575579.383358
 575579.29978
 575579.216157
 575579.133161
 575579.050158
 575578.968089
 575578.885957
 575578.804427
 575578.722707
 575578.722707
 575578.641496
 575578.560538
 575578.480249
 575578.400023
 575578.320394
 575578.240824
 575578.161852
 575578.083069
 575578.004743
 575577.926671
 575577.84886
 575577.771206
 575577.693781
 575577.616175
 575577.539016
 575577.461479
 575577.384381
 575577.30681
 575577.229703
 575577.152328
 575577.075099
 575576.997668
 575576.920826
 575576.84355
 575576.766627
 575576.689483
 575576.612575
 575576.535378
 575576.458424
 575576.381132
 575576.304072
 575576.226862
 575576.149737
 575576.072621
 575575.995891
 575575.918779
 575575.842186
 575575.765194
 575575.68855
 575575.611541
 575575.534732
 575575.457754
 575575.381113
 575575.30393
 575575.227176
 575575.150042
 575575.07334
 575574.996238
 575574.919367
 575574.842284
 575574.842284
 575574.765569
 575574.688844
 575574.611934
 575574.535026
 575574.458433
 575574.381585
 575574.305207
 575574.228722
 575574.152501
 575574.076346
 575574.00055
 575573.924788
 575573.849295
 575573.773599
 575573.698334
 575573.622958
 575573.547925
 575573.472853
 575573.398327
 575573.323664
 575573.249312
 575573.175067
 575573.10091
 575573.02685
 575572.953008
 575572.879189
 575572.805937
 575572.732574
 575572.659633
 575572.586738
 575572.514056
 575572.44153
 575572.369325
 575572.297079
 575572.225318
 575572.153456
 575572.082107
 575572.010727
 575571.939699
 575571.868686
 575571.798038
 575571.727472
 575571.656926
 575571.58635
 575571.515857
 575571.445202
 575571.374561
 575571.303946
 575571.233431
 575571.162767
 575571.162767
 575571.092442
 575571.022217
 575570.952738
 575570.882581
 575570.812966
 575570.742937
 575570.673332
 575570.60336
 575570.533762
 575570.463881
 575570.394453
 575570.324757
 575570.255392
 575570.185769
 575570.116539
 575570.047034
 575569.977869
 575569.908468
 575569.8395
 575569.770646
 575569.701712
 575569.632732
 575569.564037
 575569.494961
 575569.426564
 575569.357904
 575569.289712
 575569.221436
 575569.153648
 575569.085598
 575569.017832
 575568.949946
 575568.882513
 575568.814846
 575568.747761
 575568.680366
 575568.613616
 575568.546673
 575568.480221
 575568.413627
 575568.347514
 575568.281278
 575568.21548
 575568.149492
 575568.084077
 575568.018381
 575567.953337
 575567.888175
 575567.823546
 575567.758872
 575567.758872
 575567.694705
 575567.630149
 575567.565456
 575567.501003
 575567.436775
 575567.372802
 575567.309096
 575567.245629
 575567.182463
 575567.119451
 575567.056785
 575566.994326
 575566.932186
 575566.870256
 575566.808615
 575566.74726
 575566.686313
 575566.625638
 575566.56539
 575566.505413
 575566.445819
 575566.386611
 575566.327622
 575566.269001
 575566.210851
 575566.152854
 575566.095286
 575566.037878
 575565.980784
 575565.923969
 575565.867518
 575565.811401
 575565.755764
 575565.7005
 575565.645649
 575565.591154
 575565.53708
 575565.483317
 575565.429863
 575565.376755
 575565.32404
 575565.271616
 575565.219684
 575565.168198
 575565.117031
 575565.066315
 575565.016027
 575564.966188
 575564.916966
 575564.868056
 575564.868056
 575564.819747
 575564.771671
 575564.724047
 575564.676953
 575564.63032
 575564.584187
 575564.538415
 575564.493297
 575564.448445
 575564.404118
 575564.360062
 575564.316369
 575564.27304
 575564.230221
 575564.187762
 575564.145851
 575564.104397
 575564.063381
 575564.022802
 575563.982622
 575563.942801
 575563.903777
 575563.865036
 575563.827018
 575563.789436
 575563.752307
 575563.715649
 575563.67958
 575563.643924
 575563.608899
 575563.574438
 575563.540578
 575563.507252
 575563.474406
 575563.44212
 575563.410333
 575563.378826
 575563.347985
 575563.317513
 575563.287673
 575563.258191
 575563.22919
 575563.200455
 575563.172009
 575563.143939
 575563.116158
 575563.088834
 575563.062083
 575563.035926
 575563.010472
 575563.010472
 575562.985439
 575562.960458
 575562.935387
 575562.911083
 575562.886755
 575562.863245
 575562.839921
 575562.817463
 575562.795347
 575562.774113
 575562.753065
 575562.7327
 575562.712274
 575562.692712
 575562.673279
 575562.654835
 575562.636835
 575562.619861
 575562.603167
 575562.587264
 575562.571195
 575562.555849
 575562.540567
 575562.526124
 575562.511912
 575562.498532
 575562.485428
 575562.47316
 575562.46097
 575562.449626
 575562.438467
 575562.428066
 575562.417985
 575562.40869
 575562.399486
 575562.391076
 575562.38272
 575562.375165
 575562.367956
 575562.361577
 575562.355632
 575562.35053
 575562.34557
 575562.341543
 575562.33768
 575562.334764
 575562.332145
 575562.330533
 575562.329128
 575562.328694
 575562.328694
 575562.328408
 575562.328442
 575562.328431
 575562.32955
 575562.330672
 575562.333191
 575562.335541
 575562.339239
 575562.342927
 575562.347995
 575562.352977
 575562.359248
 575562.365391
 575562.37281
 575562.380217
 575562.388973
 575562.397742
 575562.407697
 575562.417589
 575562.428655
 575562.439768
 575562.452286
 575562.464902
 575562.478937
 575562.492829
 575562.50799
 575562.522991
 575562.539255
 575562.555415
 575562.573002
 575562.590607
 575562.609654
 575562.628722
 575562.649006
 575562.669325
 575562.690814
 575562.71229
 575562.734964
 575562.757679
 575562.781817
 575562.806006
 575562.831367
 575562.856855
 575562.883694
 575562.910399
 575562.938474
 575562.966621
 575562.996017
 575563.025334
 575563.055943
 575563.055943
 575563.086465
 575563.118595
 575563.148703
 575563.180679
 575563.212242
 575563.245577
 575563.278322
 575563.312924
 575563.346841
 575563.382469
 575563.417713
 575563.454801
 575563.491296
 575563.529476
 575563.56718
 575563.606552
 575563.645307
 575563.685954
 575563.72614
 575563.76792
 575563.809263
 575563.852184
 575563.89462
 575563.938828
 575563.982369
 575564.02766
 575564.072344
 575564.118847
 575564.164662
 575564.211977
 575564.258848
 575564.307107
 575564.354957
 575564.404361
 575564.453208
 575564.503604
 575564.553365
 575564.604829
 575564.655675
 575564.708189
 575564.760133
 575564.813667
 575564.86648
 575564.920872
 575564.974707
 575565.029977
 575565.084683
 575565.141052
 575565.196602
 575565.253869
 575565.253869
 575565.310251
 575565.368231
 575565.4276
 575565.487805
 575565.547995
 575565.609036
 575565.670109
 575565.732038
 575565.794096
 575565.856833
 575565.919822
 575565.983474
 575566.047371
 575566.111985
 575566.176616
 575566.242136
 575566.307609
 575566.374054
 575566.44035
 575566.507541
 575566.574708
 575566.642726
 575566.710757
 575566.779609
 575566.848434
 575566.917954
 575566.987556
 575567.057832
 575567.128107
 575567.199248
 575567.270322
 575567.342246
 575567.414308
 575567.487042
 575567.55983
 575567.633272
 575567.706687
 575567.780866
 575567.85519
 575567.930102
 575568.004945
 575568.080707
 575568.156225
 575568.232517
 575568.308834
 575568.385999
 575568.463141
 575568.540804
 575568.618453
 575568.696731
 575568.696731
 575568.774912
 575568.854568
 575568.935307
 575569.01616
 575569.097486
 575569.17894
 575569.26089
 575569.342982
 575569.425553
 575569.508203
 575569.591221
 575569.674248
 575569.757887
 575569.841429
 575569.925542
 575570.009747
 575570.094268
 575570.178934
 575570.264143
 575570.349346
 575570.434972
 575570.520623
 575570.606774
 575570.692941
 575570.779507
 575570.866151
 575570.953204
 575571.040272
 575571.127745
 575571.215244
 575571.303042
 575571.390906
 575571.47914
 575571.567345
 575571.656076
 575571.744433
 575571.833473
 575571.922243
 575572.011718
 575572.101091
 575572.190761
 575572.280325
 575572.370404
 575572.460311
 575572.550757
 575572.641224
 575572.732047
 575572.822963
 575572.91413
 575573.005432
 575573.005432
 575573.096921
 575573.188512
 575573.28056
 575573.37264
 575573.464994
 575573.557371
 575573.650156
 575573.742767
 575573.836078
 575573.929108
 575574.022731
 575574.116264
 575574.210123
 575574.304089
 575574.398544
 575574.492743
 575574.587436
 575574.682034
 575574.77707
 575574.872259
 575574.967707
 575575.063403
 575575.159244
 575575.255379
 575575.351698
 575575.448108
 575575.545048
 575575.641868
 575575.739163
 575575.836309
 575575.933958
 575576.031533
 575576.129666
 575576.227798
 575576.326392
 575576.425016
 575576.523894
 575576.623009
 575576.722408
 575576.821915
 575576.921746
 575577.021716
 575577.122098
 575577.222406
 575577.323339
 575577.424073
 575577.525409
 575577.626549
 575577.728174
 575577.829813
 575577.829813
 575577.931747
 575578.033372
 575578.134774
 575578.236514
 575578.338368
 575578.440661
 575578.542932
 575578.645802
 575578.748476
 575578.851873
 575578.95506
 575579.058864
 575579.162596
 575579.266836
 575579.371173
 575579.47571
 575579.580262
 575579.685301
 575579.790143
 575579.895805
 575580.001037
 575580.107173
 575580.213102
 575580.319694
 575580.426151
 575580.533081
 575580.639907
 575580.747278
 575580.854614
 575580.962383
 575581.070003
 575581.178241
 575581.286058
 575581.394305
 575581.502693
 575581.611501
 575581.72025
 575581.829463
 575581.938774
 575582.048401
 575582.158178
 575582.26831
 575582.378607
 575582.489134
 575582.599707
 575582.710531
 575582.821376
 575582.932448
 575583.043747
 575583.155298
 575583.155298
 575583.266596
 575583.377872
 575583.488531
 575583.599919
 575583.711294
 575583.823235
 575583.934934
 575584.047171
 575584.159069
 575584.271462
 575584.383484
 575584.496192
 575584.608416
 575584.721414
 575584.833834
 575584.947012
 575585.059779
 575585.173203
 575585.28631
 575585.399978
 575585.513588
 575585.627616
 575585.741491
 575585.856015
 575585.970128
 575586.085139
 575586.199528
 575586.31479
 575586.429741
 575586.545278
 575586.660539
 575586.776296
 575586.892
 575587.008107
 575587.123988
 575587.240581
 575587.356749
 575587.473547
 575587.59014
 575587.707368
 575587.824192
 575587.941912
 575588.05897
 575588.176817
 575588.294278
 575588.412189
 575588.530093
 575588.64852
 575588.76647
 575588.885225
 575588.885225
 575589.003497
 575589.122884
 575589.242982
 575589.363289
 575589.483849
 575589.60459
 575589.725244
 575589.846312
 575589.967483
 575590.088768
 575590.210451
 575590.332157
 575590.453867
 575590.575899
 575590.697975
 575590.820356
 575590.943039
 575591.065807
 575591.188623
 575591.311641
 575591.434721
 575591.558223
 575591.681833
 575591.805693
 575591.929406
 575592.053432
 575592.177454
 575592.301734
 575592.426213
 575592.550837
 575592.675356
 575592.800217
 575592.925318
 575593.05041
 575593.175935
 575593.301441
 575593.426879
 575593.552685
 575593.678641
 575593.804662
 575593.930729
 575594.057042
 575594.183241
 575594.309745
 575594.436347
 575594.562979
 575594.689616
 575594.816657
 575594.943815
 575595.070938
 575595.070938
 575595.198171
 575595.325636
 575595.453462
 575595.581253
 575595.709195
 575595.837131
 575595.965139
 575596.09313
 575596.221439
 575596.349724
 575596.477967
 575596.606549
 575596.735286
 575596.864013
 575596.992745
 575597.121567
 575597.250735
 575597.379813
 575597.50876
 575597.637978
 575597.767245
 575597.896439
 575598.025685
 575598.154978
 575598.284506
 575598.413969
 575598.543666
 575598.673123
 575598.802993
 575598.93281
 575599.062818
 575599.192869
 575599.322867
 575599.452888
 575599.583143
 575599.71331
 575599.843402
 575599.973754
 575600.104176
 575600.234845
 575600.365099
 575600.49575
 575600.62649
 575600.75714
 575600.887824
 575601.018628
 575601.14971
 575601.280696
 575601.411531
 575601.542447
 575601.673816
 575601.803855
 575601.932916
 575602.062442
 575602.191839
 575602.32164
 575602.45065
 575602.580563
 575602.710176
 575602.840341
 575602.969728
 575603.099908
 575603.229661
 575603.359931
 575603.489512
 575603.619908
 575603.749948
 575603.880588
 575604.010589
 575604.141372
 575604.271597
 575604.402411
 575604.532546
 575604.663569
 575604.793978
 575604.925098
 575605.05536
 575605.186455
 575605.317066
 575605.448413
 575605.579092
 575605.710476
 575605.841287
 575605.973088
 575606.103937
 575606.235898
 575606.366867
 575606.498659
 575606.63003
 575606.761945
 575606.893197
 575607.025071
 575607.156579
 575607.28864
 575607.419984
 575607.552225
 575607.684006
 575607.816503
 575607.948066
 575608.080635
 575608.080635
 575608.212611
 575608.345353
 575608.478411
 575608.611585
 575608.744586
 575608.877613
 575609.01068
 575609.143858
 575609.276859
 575609.41042
 575609.543713
 575609.677297
 575609.810336
 575609.943968
 575610.077315
 575610.210865
 575610.343938
 575610.477273
 575610.610513
 575610.743751
 575610.8771
 575611.010446
 575611.143767
 575611.277321
 575611.410873
 575611.544475
 575611.677635
 575611.811146
 575611.944688
 575612.078183
 575612.211371
 575612.344957
 575612.47848
 575612.612075
 575612.745581
 575612.879441
 575613.012798
 575613.146627
 575613.280243
 575613.414128
 575613.547417
 575613.681564
 575613.815312
 575613.949333
 575614.082796
 575614.216784
 575614.350545
 575614.484666
 575614.618668
 575614.752791
 575614.752791
 575614.886776
 575615.020995
 575615.154587
 575615.288327
 575615.421763
 575615.5557
 575615.689433
 575615.823385
 575615.957197
 575616.091293
 575616.224965
 575616.359289
 575616.493398
 575616.627856
 575616.761774
 575616.896317
 575617.030326
 575617.164961
 575617.29904
 575617.433877
 575617.568028
 575617.70278
 575617.837253
 575617.972198
 575618.106646
 575618.241775
 575618.376533
 575618.511792
 575618.646782
 575618.782139
 575618.916802
 575619.052129
 575619.187297
 575619.322707
 575619.457813
 575619.593528
 575619.729005
 575619.864868
 575620.000659
 575620.136796
 575620.272512
 575620.408904
 575620.544836
 575620.681318
 575620.81753
 575620.954375
 575621.090371
 575621.22731
 575621.36384
 575621.500895
 575621.500895
 575621.637636
 575621.774721
 575621.912058
 575622.049886
 575622.187509
 575622.325371
 575622.463212
 575622.601384
 575622.739321
 575622.877616
 575623.015851
 575623.154194
 575623.292528
 575623.431122
 575623.56959
 575623.708325
 575623.847087
 575623.986107
 575624.124748
 575624.26375
 575624.402579
 575624.541718
 575624.680562
 575624.819653
 575624.958731
 575625.098194
 575625.237258
 575625.376571
 575625.515865
 575625.655294
 575625.794643
 575625.934237
 575626.07348
 575626.213169
 575626.352568
 575626.492351
 575626.631989
 575626.771758
 575626.911385
 575627.051166
 575627.190797
 575627.330749
 575627.470691
 575627.610698
 575627.750631
 575627.890806
 575628.030704
 575628.171005
 575628.311047
 575628.45126
 575628.45126
 575628.591517
 575628.731816
 575628.872101
 575629.012553
 575629.153089
 575629.293814
 575629.43439
 575629.575056
 575629.715654
 575629.85644
 575629.996865
 575630.137456
 575630.278185
 575630.419
 575630.559856
 575630.70074
 575630.841533
 575630.982442
 575631.123189
 575631.264217
 575631.405197
 575631.546092
 575631.687077
 575631.828033
 575631.968895
 575632.110059
 575632.250831
 575632.392093
 575632.533159
 575632.674469
 575632.815587
 575632.956811
 575633.097917
 575633.239233
 575633.380324
 575633.521644
 575633.662912
 575633.804135
 575633.945362
 575634.086732
 575634.227975
 575634.369379
 575634.510698
 575634.652209
 575634.793537
 575634.935005
 575635.076063
 575635.217472
 575635.35848
 575635.499795
 575635.499795
 575635.641038
 575635.782291
 575635.923547
 575636.064852
 575636.205916
 575636.347267
 575636.488229
 575636.629424
 575636.770546
 575636.911689
 575637.052755
 575637.193936
 575637.334832
 575637.476072
 575637.617107
 575637.758317
 575637.899448
 575638.040606
 575638.181654
 575638.322829
 575638.463808
 575638.605079
 575638.74608
 575638.887335
 575639.028398
 575639.169693
 575639.310864
 575639.452304
 575639.593532
 575639.734997
 575639.876406
 575640.017868
 575640.15936
 575640.300969
 575640.442372
 575640.584043
 575640.725596
 575640.867292
 575641.009201
 575641.151127
 575641.293105
 575641.435398
 575641.577408
 575641.719703
 575641.861855
 575642.004252
 575642.146544
 575642.289062
 575642.431509
 575642.574258
 575642.574258
 575642.716757
 575642.859695
 575643.002585
 575643.14559
 575643.288814
 575643.431933
 575643.575217
 575643.71858
 575643.861806
 575644.005215
 575644.148634
 575644.29224
 575644.435914
 575644.579732
 575644.723591
 575644.867543
 575645.011598
 575645.155819
 575645.299888
 575645.444369
 575645.588626
 575645.733225
 575645.877917
 575646.022626
 575646.167622
 575646.312663
 575646.457808
 575646.603225
 575646.748657
 575646.89438
 575647.039922
 575647.185632
 575647.331509
 575647.47738
 575647.62338
 575647.769275
 575647.915375
 575648.061402
 575648.207625
 575648.353834
 575648.500248
 575648.646536
 575648.793016
 575648.939308
 575649.085803
 575649.23205
 575649.378526
 575649.524949
 575649.671413
 575649.818256
 575649.818256
 575649.964729
 575650.111686
 575650.258371
 575650.405414
 575650.552366
 575650.699487
 575650.846507
 575650.993563
 575651.140585
 575651.287605
 575651.434853
 575651.582123
 575651.729369
 575651.876889
 575652.02407
 575652.171553
 575652.318901
 575652.466389
 575652.613628
 575652.761139
 575652.908547
 575653.056047
 575653.203219
 575653.350752
 575653.498052
 575653.645513
 575653.792913
 575653.940443
 575654.087838
 575654.235211
 575654.382432
 575654.52985
 575654.677075
 575654.824383
 575654.971633
 575655.118891
 575655.26627
 575655.413498
 575655.560824
 575655.708058
 575655.855327
 575656.002411
 575656.149584
 575656.296719
 575656.443792
 575656.590912
 575656.738093
 575656.885318
 575657.032421
 575657.179562
 575657.326747
 575657.473889
 575657.620935
 575657.768011
 575657.91497
 575658.061888
 575658.208988
 575658.355931
 575658.502871
 575658.649834
 575658.7968
 575658.943824
 575659.090744
 575659.237815
 575659.384591
 575659.531642
 575659.678486
 575659.825432
 575659.972145
 575660.119071
 575660.266052
 575660.412937
 575660.559863
 575660.70687
 575660.853783
 575661.000666
 575661.147601
 575661.294533
 575661.441489
 575661.588482
 575661.735331
 575661.882375
 575662.029376
 575662.176387
 575662.323356
 575662.470406
 575662.617318
 575662.764443
 575662.911419
 575663.058433
 575663.205337
 575663.352324
 575663.499135
 575663.646083
 575663.79297
 575663.939975
 575664.086969
 575664.234051
 575664.381012
 575664.528049
 575664.528049
 575664.675001
 575664.82202
 575664.969164
 575665.116166
 575665.263351
 575665.410373
 575665.557512
 575665.704671
 575665.8519
 575665.999043
 575666.146378
 575666.293518
 575666.440875
 575666.588107
 575666.735196
 575666.882483
 575667.029565
 575667.176791
 575667.324021
 575667.471408
 575667.618607
 575667.76598
 575667.913216
 575668.060578
 575668.207866
 575668.355305
 575668.502547
 575668.649951
 575668.797158
 575668.944468
 575669.091769
 575669.239141
 575669.386632
 575669.534035
 575669.681641
 575669.829154
 575669.976786
 575670.124351
 575670.27186
 575670.419492
 575670.567093
 575670.714827
 575670.862345
 575671.010055
 575671.157853
 575671.305603
 575671.453513
 575671.601427
 575671.749161
 575671.897119
 575671.897119
 575672.04505
 575672.192743
 575672.341037
 575672.488744
 575672.63675
 575672.784547
 575672.932479
 575673.08022
 575673.227997
 575673.375871
 575673.523582
 575673.671343
 575673.8189
 575673.966813
 575674.114381
 575674.262119
 575674.409715
 575674.557557
 575674.704994
 575674.853021
 575674.999975
 575675.147807
 575675.295408
 575675.443105
 575675.590717
 575675.738615
 575675.886203
 575676.033408
 575676.181387
 575676.328847
 575676.476559
 575676.623987
 575676.771506
 575676.918901
 575677.066292
 575677.213573
 575677.361069
 575677.507983
 575677.65552
 575677.802516
 575677.949812
 575678.097085
 575678.24421
 575678.391447
 575678.538738
 575678.68582
 575678.833101
 575678.980223
 575679.127351
 575679.274186
 575679.274186
 575679.421245
 575679.567924
 575679.714514
 575679.86138
 575680.007598
 575680.15432
 575680.300732
 575680.447362
 575680.593542
 575680.739968
 575680.886031
 575681.032121
 575681.178027
 575681.32397
 575681.469668
 575681.615444
 575681.761234
 575681.906817
 575682.052472
 575682.197986
 575682.343285
 575682.488534
 575682.633635
 575682.77832
 575682.923067
 575683.067449
 575683.212108
 575683.356193
 575683.500755
 575683.644727
 575683.788967
 575683.932878
 575684.0771
 575684.220919
 575684.364745
 575684.508501
 575684.652103
 575684.795599
 575684.938977
 575685.082177
 575685.225554
 575685.368604
 575685.511751
 575685.654503
 575685.797692
 575685.940318
 575686.083108
 575686.225685
 575686.368074
 575686.510303
 575686.510303
 575686.652533
 575686.795068
 575686.937914
 575687.080403
 575687.222911
 575687.365318
 575687.507565
 575687.64995
 575687.792084
 575687.933986
 575688.076129
 575688.217919
 575688.359827
 575688.501609
 575688.643134
 575688.784625
 575688.926056
 575689.067396
 575689.208712
 575689.349843
 575689.491049
 575689.632132
 575689.772744
 575689.913609
 575690.054113
 575690.194614
 575690.334932
 575690.475159
 575690.615283
 575690.755286
 575690.895181
 575691.035115
 575691.17485
 575691.314427
 575691.453774
 575691.593056
 575691.73227
 575691.871236
 575692.010329
 575692.149033
 575692.287969
 575692.426629
 575692.564843
 575692.703318
 575692.841589
 575692.979579
 575693.117441
 575693.255073
 575693.392551
 575693.529741
 575693.529741
 575693.667288
 575693.804039
 575693.94037
 575694.076661
 575694.212706
 575694.34855
 575694.484518
 575694.620196
 575694.755636
 575694.891014
 575695.026082
 575695.161059
 575695.295982
 575695.430611
 575695.565208
 575695.699645
 575695.834208
 575695.968602
 575696.10272
 575696.236767
 575696.370795
 575696.50453
 575696.638156
 575696.771489
 575696.904572
 575697.037358
 575697.170318
 575697.30289
 575697.435341
 575697.567679
 575697.700039
 575697.832183
 575697.964197
 575698.096033
 575698.227549
 575698.358969
 575698.49016
 575698.621155
 575698.751865
 575698.882589
 575699.012948
 575699.142993
 575699.272649
 575699.402114
 575699.531778
 575699.660976
 575699.790252
 575699.91928
 575700.048176
 575700.177011
 575700.177011
 575700.305378
 575700.4336
 575700.561721
 575700.689991
 575700.817705
 575700.945598
 575701.073581
 575701.201316
 575701.328849
 575701.45622
 575701.583774
 575701.711133
 575701.838185
 575701.965266
 575702.092279
 575702.219333
 575702.345876
 575702.47274
 575702.599319
 575702.725999
 575702.852326
 575702.978795
 575703.105009
 575703.231054
 575703.357002
 575703.482703
 575703.60816
 575703.733575
 575703.858944
 575703.984248
 575704.109138
 575704.234119
 575704.359032
 575704.48388
 575704.60832
 575704.732774
 575704.857112
 575704.981343
 575705.105369
 575705.229304
 575705.353061
 575705.476617
 575705.600152
 575705.723563
 575705.846488
 575705.96918
 575706.091707
 575706.214048
 575706.336148
 575706.458165
 575706.458165
 575706.579928
 575706.701806
 575706.823469
 575706.944751
 575707.065689
 575707.186478
 575707.307142
 575707.427456
 575707.547678
 575707.66743
 575707.787065
 575707.906383
 575708.025474
 575708.14414
 575708.262817
 575708.381032
 575708.49917
 575708.617033
 575708.734402
 575708.851804
 575708.969152
 575709.086322
 575709.203666
 575709.320771
 575709.437915
 575709.554842
 575709.671815
 575709.788787
 575709.90575
 575710.022663
 575710.139266
 575710.256072
 575710.372292
 575710.488752
 575710.605174
 575710.721445
 575710.837734
 575710.953948
 575711.069716
 575711.185815
 575711.301542
 575711.41742
 575711.533387
 575711.649072
 575711.764986
 575711.880465
 575711.995947
 575712.111202
 575712.226231
 575712.341291
 575712.341291
 575712.456156
 575712.570919
 575712.685647
 575712.800124
 575712.9145
 575713.028923
 575713.14292
 575713.257042
 575713.37119
 575713.485141
 575713.599325
 575713.713038
 575713.82692
 575713.940524
 575714.054022
 575714.167555
 575714.280647
 575714.394019
 575714.507008
 575714.619951
 575714.733075
 575714.845892
 575714.958732
 575715.071159
 575715.183669
 575715.296026
 575715.40798
 575715.520114
 575715.631556
 575715.743276
 575715.85478
 575715.966179
 575716.077537
 575716.188579
 575716.299904
 575716.410742
 575716.521642
 575716.63234
 575716.742365
 575716.852415
 575716.961606
 575717.070901
 575717.179864
 575717.289036
 575717.397686
 575717.506191
 575717.614281
 575717.7219
 575717.829503
 575717.936513
 575717.936513
 575718.043774
 575718.150609
 575718.257275
 575718.363548
 575718.469427
 575718.574921
 575718.679734
 575718.784613
 575718.888844
 575718.993156
 575719.097025
 575719.20078
 575719.303974
 575719.407077
 575719.509656
 575719.611943
 575719.714016
 575719.815699
 575719.91701
 575720.018161
 575720.118532
 575720.218901
 575720.318645
 575720.418294
 575720.517368
 575720.616291
 575720.714804
 575720.812867
 575720.910481
 575721.007571
 575721.104482
 575721.200805
 575721.297021
 575721.392549
 575721.487696
 575721.58234
 575721.676589
 575721.770469
 575721.863952
 575721.956823
 575722.049289
 575722.141215
 575722.2327
 575722.323636
 575722.41401
 575722.503866
 575722.593275
 575722.682076
 575722.770427
 575722.858116
 575722.858116
 575722.94535
 575723.032076
 575723.118501
 575723.204091
 575723.289682
 575723.374238
 575723.458624
 575723.542434
 575723.625446
 575723.707976
 575723.790307
 575723.871661
 575723.952817
 575724.033022
 575724.113031
 575724.192233
 575724.27113
 575724.349483
 575724.427101
 575724.504728
 575724.58146
 575724.657673
 575724.73386
 575724.809134
 575724.884098
 575724.958311
 575725.032407
 575725.105655
 575725.178579
 575725.25097
 575725.32293
 575725.394305
 575725.465319
 575725.535692
 575725.605593
 575725.674862
 575725.743765
 575725.811966
 575725.880051
 575725.94746
 575726.014528
 575726.081258
 575726.147465
 575726.213029
 575726.278277
 575726.342826
 575726.406898
 575726.470603
 575726.534097
 575726.596842
 575726.596842
 575726.659327
 575726.721003
 575726.78228
 575726.842903
 575726.903415
 575726.96333
 575727.022937
 575727.082041
 575727.141029
 575727.199622
 575727.258012
 575727.316005
 575727.374019
 575727.431519
 575727.488947
 575727.545957
 575727.60283
 575727.659238
 575727.715476
 575727.771321
 575727.827029
 575727.882322
 575727.937468
 575727.992202
 575728.046485
 575728.100392
 575728.154024
 575728.207091
 575728.259955
 575728.312353
 575728.364573
 575728.416153
 575728.46743
 575728.5181
 575728.568438
 575728.618255
 575728.668007
 575728.717218
 575728.766264
 575728.814645
 575728.862387
 575728.909415
 575728.956026
 575729.001946
 575729.047786
 575729.093094
 575729.138218
 575729.182687
 575729.226651
 575729.269812
 575729.269812
 575729.312557
 575729.354366
 575729.395591
 575729.436284
 575729.476731
 575729.516754
 575729.556219
 575729.595039
 575729.633342
 575729.670882
 575729.707805
 575729.744236
 575729.780351
 575729.815999
 575729.851114
 575729.885759
 575729.919776
 575729.953392
 575729.986482
 575730.019347
 575730.051827
 575730.083924
 575730.11556
 575730.1467
 575730.177448
 575730.207553
 575730.237412
 575730.266721
 575730.295677
 575730.324262
 575730.352342
 575730.380013
 575730.407126
 575730.43388
 575730.460189
 575730.486182
 575730.511848
 575730.537048
 575730.561768
 575730.585872
 575730.609554
 575730.632698
 575730.65555
 575730.677982
 575730.700256
 575730.722218
 575730.743799
 575730.764917
 575730.785602
 575730.805944
 575730.805944
 575730.825818
 575730.845233
 575730.864408
 575730.883171
 575730.901633
 575730.919685
 575730.937924
 575730.955969
 575730.974206
 575730.992503
 575731.010682
 575731.02853
 575731.046124
 575731.063169
 575731.079898
 575731.096351
 575731.112634
 575731.128872
 575731.144995
 575731.16093
 575731.176777
 575731.192323
 575731.207651
 575731.222718
 575731.237575
 575731.252394
 575731.266581
 575731.280353
 575731.293431
 575731.305768
 575731.317813
 575731.329428
 575731.340822
 575731.351816
 575731.362513
 575731.372788
 575731.382689
 575731.392032
 575731.400971
 575731.409439
 575731.417674
 575731.425738
 575731.433727
 575731.441639
 575731.449524
 575731.457281
 575731.464923
 575731.472353
 575731.479658
 575731.486798
 575731.486798
 575731.493832
 575731.500743
 575731.507678
 575731.514437
 575731.521134
 575731.527653
 575731.534157
 575731.540594
 575731.547059
 575731.553522
 575731.560091
 575731.566566
 575731.572994
 575731.579243
 575731.585318
 575731.591081
 575731.596815
 575731.602377
 575731.608011
 575731.613562
 575731.619078
 575731.62442
 575731.629666
 575731.634661
 575731.639539
 575731.644161
 575731.648768
 575731.653168
 575731.657574
 575731.661818
 575731.666062
 575731.670164
 575731.67426
 575731.678198
 575731.68214
 575731.685925
 575731.68968
 575731.693242
 575731.696766
 575731.700101
 575731.703374
 575731.706494
 575731.709608
 575731.712614
 575731.71557
 575731.718403
 575731.721159
 575731.723711
 575731.726209
 575731.728531
 575731.728531
 575731.730825
 575731.733044
 575731.735369
 575731.737509
 575731.739654
 575731.741597
 575731.743553
 575731.745328
 575731.747118
 575731.748749
 575731.750443
 575731.751971
 575731.753549
 575731.754941
 575731.7563
 575731.757493
 575731.758724
 575731.75983
 575731.761066
 575731.762161
 575731.763294
 575731.764222
 575731.765076
 575731.765687
 575731.766269
 575731.766618
 575731.766977
 575731.767135
 575731.76732
 575731.767298
 575731.767315
 575731.767116
 575731.766954
 575731.766666
 575731.766507
 575731.766256
 575731.766164
 575731.766012
 575731.765996
 575731.765871
 575731.765901
 575731.765893
 575731.766017
 575731.766106
 575731.766367
 575731.766536
 575731.766821
 575731.766962
 575731.767169
 575731.767201
 575731.767201
 575731.767315
 575731.767359
 575731.767378
 575731.767355
 575731.767402
 575731.767389
 575731.767439
 575731.76741
