 4148310.77379
 4148310.77379
 4148310.77379
 4148310.77379
 4148310.77378
 4148310.77378
 4148310.77378
 4148310.77378
 4148310.77377
 4148310.77377
 4148310.77377
 4148310.77377
 4148310.77376
 4148310.77376
 4148310.77376
 4148310.77376
 4148310.77375
 4148310.77375
 4148310.77375
 4148310.77375
 4148310.77374
 4148310.77374
 4148310.77374
 4148310.77374
 4148310.77373
 4148310.77373
 4148310.77373
 4148310.77373
 4148310.77372
 4148310.77372
 4148310.77372
 4148310.77372
 4148310.77371
 4148310.77371
 4148310.77371
 4148310.77371
 4148310.7737
 4148310.7737
 4148310.7737
 4148310.7737
 4148310.77369
 4148310.77369
 4148310.77369
 4148310.77369
 4148310.77368
 4148310.77368
 4148310.77368
 4148310.77368
 4148310.77367
 4148310.77367
 4148310.77367
 4148310.77367
 4148310.77367
 4148310.77366
 4148310.77366
 4148310.77366
 4148310.77366
 4148310.77365
 4148310.77365
 4148310.77365
 4148310.77365
 4148310.77364
 4148310.77364
 4148310.77364
 4148310.77364
 4148310.77363
 4148310.77363
 4148310.77363
 4148310.77363
 4148310.77362
 4148310.77362
 4148310.77362
 4148310.77362
 4148310.77361
 4148310.77361
 4148310.77361
 4148310.77361
 4148310.7736
 4148310.7736
 4148310.7736
 4148310.7736
 4148310.77359
 4148310.77359
 4148310.77359
 4148310.77359
 4148310.77358
 4148310.77358
 4148310.77358
 4148310.77358
 4148310.77357
 4148310.77357
 4148310.77357
 4148310.77357
 4148310.77356
 4148310.77356
 4148310.77356
 4148310.77356
 4148310.77355
 4148310.77355
 4148310.77355
 4148310.77355
 4148310.77354
 4148310.77354
 4148310.77354
 4148310.77354
 4148310.77354
 4148310.77353
 4148310.77353
 4148310.77353
 4148310.77353
 4148310.77352
 4148310.77352
 4148310.77352
 4148310.77351
 4148310.77351
 4148310.77351
 4148310.77351
 4148310.77351
 4148310.7735
 4148310.7735
 4148310.7735
 4148310.7735
 4148310.77349
 4148310.77349
 4148310.77349
 4148310.77348
 4148310.77348
 4148310.77348
 4148310.77348
 4148310.77347
 4148310.77347
 4148310.77347
 4148310.77347
 4148310.77346
 4148310.77346
 4148310.77346
 4148310.77346
 4148310.77346
 4148310.77345
 4148310.77345
 4148310.77345
 4148310.77345
 4148310.77344
 4148310.77344
 4148310.77344
 4148310.77344
 4148310.77343
 4148310.77343
 4148310.77343
 4148310.77342
 4148310.77342
 4148310.77342
 4148310.77342
 4148310.77341
 4148310.77341
 4148310.77341
 4148310.77341
 4148310.77341
 4148310.77341
 4148310.7734
 4148310.7734
 4148310.7734
 4148310.7734
 4148310.77339
 4148310.77339
 4148310.77339
 4148310.77339
 4148310.77338
 4148310.77338
 4148310.77338
 4148310.77338
 4148310.77337
 4148310.77337
 4148310.77337
 4148310.77336
 4148310.77336
 4148310.77336
 4148310.77336
 4148310.77336
 4148310.77335
 4148310.77335
 4148310.77335
 4148310.77334
 4148310.77334
 4148310.77334
 4148310.77333
 4148310.77333
 4148310.77333
 4148310.77333
 4148310.77332
 4148310.77332
 4148310.77332
 4148310.77332
 4148310.77331
 4148310.77331
 4148310.77331
 4148310.7733
 4148310.7733
 4148310.7733
 4148310.77329
 4148310.77329
 4148310.77329
 4148310.77329
 4148310.77328
 4148310.77328
 4148310.77328
 4148310.77328
 4148310.77327
 4148310.77327
 4148310.77327
 4148310.77326
 4148310.77326
 4148310.77326
 4148310.77325
 4148310.77325
 4148310.77325
 4148310.77324
 4148310.77324
 4148310.77324
 4148310.77324
 4148310.77323
 4148310.77323
 4148310.77322
 4148310.77322
 4148310.77322
 4148310.77321
 4148310.77321
 4148310.77321
 4148310.77321
 4148310.7732
 4148310.7732
 4148310.7732
 4148310.77319
 4148310.77319
 4148310.77319
 4148310.77319
 4148310.77318
 4148310.77318
 4148310.77318
 4148310.77318
 4148310.77317
 4148310.77317
 4148310.77317
 4148310.77317
 4148310.77317
 4148310.77317
 4148310.77316
 4148310.77316
 4148310.77316
 4148310.77316
 4148310.77316
 4148310.77316
 4148310.77316
 4148310.77316
 4148310.77316
 4148310.77316
 4148310.77316
 4148310.77317
 4148310.78049
 4148310.78211
 4148310.78379
 4148310.78558
 4148310.78743
 4148310.78939
 4148310.79145
 4148310.79359
 4148310.79574
 4148310.79792
 4148310.80013
 4148310.80245
 4148310.80486
 4148310.80749
 4148310.81026
 4148310.81322
 4148310.81626
 4148310.81929
 4148310.82232
 4148310.82539
 4148310.82851
 4148310.83186
 4148310.83538
 4148310.83912
 4148310.84298
 4148310.84687
 4148310.85081
 4148310.85477
 4148310.8589
 4148310.8631
 4148310.86745
 4148310.87198
 4148310.87654
 4148310.88115
 4148310.88581
 4148310.89051
 4148310.89535
 4148310.90031
 4148310.90531
 4148310.91046
 4148310.91562
 4148310.92075
 4148310.92594
 4148310.93124
 4148310.93652
 4148310.94197
 4148310.94746
 4148310.95301
 4148310.95862
 4148310.95862
 4148310.96415
 4148310.96984
 4148310.97555
 4148310.98127
 4148310.98704
 4148310.99273
 4148310.99835
 4148311.00408
 4148311.00967
 4148311.01536
 4148311.0211
 4148311.02684
 4148311.03261
 4148311.03838
 4148311.04412
 4148311.04986
 4148311.05562
 4148311.06131
 4148311.06707
 4148311.07268
 4148311.07838
 4148311.08403
 4148311.08952
 4148311.09499
 4148311.10051
 4148311.10599
 4148311.11153
 4148311.11716
 4148311.12273
 4148311.12841
 4148311.13409
 4148311.13972
 4148311.14529
 4148311.15085
 4148311.15625
 4148311.16175
 4148311.1671
 4148311.17248
 4148311.178
 4148311.1834
 4148311.18897
 4148311.19439
 4148311.19971
 4148311.2048
 4148311.2098
 4148311.21455
 4148311.21937
 4148311.22409
 4148311.22884
 4148311.23362
 4148311.23362
 4148311.23827
 4148311.24296
 4148311.24751
 4148311.25187
 4148311.25636
 4148311.2605
 4148311.26476
 4148311.26898
 4148311.27302
 4148311.27706
 4148311.28085
 4148311.2845
 4148311.28776
 4148311.29108
 4148311.29413
 4148311.2972
 4148311.30032
 4148311.30327
 4148311.30628
 4148311.30921
 4148311.31205
 4148311.31479
 4148311.31734
 4148311.3198
 4148311.32204
 4148311.32426
 4148311.32629
 4148311.32823
 4148311.3301
 4148311.33179
 4148311.33346
 4148311.33502
 4148311.33644
 4148311.33777
 4148311.33891
 4148311.33986
 4148311.34057
 4148311.34115
 4148311.34168
 4148311.34207
 4148311.34234
 4148311.3424
 4148311.34238
 4148311.34199
 4148311.34168
 4148311.34131
 4148311.34064
 4148311.34002
 4148311.33933
 4148311.33857
 4148311.33857
 4148311.33773
 4148311.33673
 4148311.3357
 4148311.33447
 4148311.33323
 4148311.33193
 4148311.33065
 4148311.32943
 4148311.32808
 4148311.32668
 4148311.32504
 4148311.32338
 4148311.32181
 4148311.32015
 4148311.31864
 4148311.31694
 4148311.31532
 4148311.31374
 4148311.31214
 4148311.31054
 4148311.30901
 4148311.30738
 4148311.3058
 4148311.30416
 4148311.30274
 4148311.30152
 4148311.30034
 4148311.29933
 4148311.29838
 4148311.29733
 4148311.29654
 4148311.29568
 4148311.29491
 4148311.29426
 4148311.29366
 4148311.29312
 4148311.29276
 4148311.29241
 4148311.29201
 4148311.29177
 4148311.29149
 4148311.29134
 4148311.29114
 4148311.29099
 4148311.29122
 4148311.29151
 4148311.29184
 4148311.2922
 4148311.29264
 4148311.29322
 4148311.29322
 4148311.2939
 4148311.29464
 4148311.29577
 4148311.2971
 4148311.29864
 4148311.30056
 4148311.3026
 4148311.30479
 4148311.30712
 4148311.30936
 4148311.31193
 4148311.31468
 4148311.31771
 4148311.32109
 4148311.32455
 4148311.32834
 4148311.33235
 4148311.33638
 4148311.3408
 4148311.34539
 4148311.35019
 4148311.35517
 4148311.36025
 4148311.36548
 4148311.37073
 4148311.3761
 4148311.38149
 4148311.38698
 4148311.39287
 4148311.39889
 4148311.40529
 4148311.41192
 4148311.41883
 4148311.42593
 4148311.43332
 4148311.44084
 4148311.44855
 4148311.45642
 4148311.46436
 4148311.47227
 4148311.48042
 4148311.48865
 4148311.49684
 4148311.50513
 4148311.51367
 4148311.52248
 4148311.53148
 4148311.54069
 4148311.55002
 4148311.55917
 4148311.55917
 4148311.56847
 4148311.57789
 4148311.58746
 4148311.59706
 4148311.60686
 4148311.61686
 4148311.62703
 4148311.63738
 4148311.64788
 4148311.65841
 4148311.66905
 4148311.67963
 4148311.69034
 4148311.70106
 4148311.71191
 4148311.72297
 4148311.73439
 4148311.74617
 4148311.75791
 4148311.76942
 4148311.78085
 4148311.79211
 4148311.80362
 4148311.8151
 4148311.82709
 4148311.83926
 4148311.85159
 4148311.86377
 4148311.87593
 4148311.88808
 4148311.90032
 4148311.9126
 4148311.9251
 4148311.93759
 4148311.95004
 4148311.96246
 4148311.97494
 4148311.98739
 4148312.00005
 4148312.01285
 4148312.02556
 4148312.03828
 4148312.0509
 4148312.06347
 4148312.07597
 4148312.08838
 4148312.1008
 4148312.11311
 4148312.12546
 4148312.13785
 4148312.13785
 4148312.15012
 4148312.16245
 4148312.1748
 4148312.18708
 4148312.19954
 4148312.21187
 4148312.22433
 4148312.23662
 4148312.24881
 4148312.26086
 4148312.27298
 4148312.28518
 4148312.29718
 4148312.30913
 4148312.32129
 4148312.33343
 4148312.34554
 4148312.35769
 4148312.36996
 4148312.38208
 4148312.39436
 4148312.40661
 4148312.41897
 4148312.43154
 4148312.44407
 4148312.45653
 4148312.46876
 4148312.48078
 4148312.49303
 4148312.50502
 4148312.51744
 4148312.53002
 4148312.54255
 4148312.55513
 4148312.56763
 4148312.58003
 4148312.59253
 4148312.60519
 4148312.61787
 4148312.63072
 4148312.64362
 4148312.65635
 4148312.66901
 4148312.68173
 4148312.69443
 4148312.70713
 4148312.71997
 4148312.73267
 4148312.74535
 4148312.75803
 4148312.75803
 4148312.77055
 4148312.78344
 4148312.79632
 4148312.80908
 4148312.82198
 4148312.83477
 4148312.84749
 4148312.86019
 4148312.87296
 4148312.88593
 4148312.89893
 4148312.91205
 4148312.92515
 4148312.93829
 4148312.95139
 4148312.96449
 4148312.97761
 4148312.99073
 4148313.00404
 4148313.01739
 4148313.0306
 4148313.04382
 4148313.05695
 4148313.07015
 4148313.08329
 4148313.09639
 4148313.10961
 4148313.12263
 4148313.13577
 4148313.14897
 4148313.16223
 4148313.17549
 4148313.18877
 4148313.20194
 4148313.21521
 4148313.22836
 4148313.24166
 4148313.25488
 4148313.26806
 4148313.28121
 4148313.29436
 4148313.30739
 4148313.32058
 4148313.3337
 4148313.34676
 4148313.35976
 4148313.37278
 4148313.38588
 4148313.39898
 4148313.4122
 4148313.4122
 4148313.42526
 4148313.43852
 4148313.45204
 4148313.46521
 4148313.47883
 4148313.49211
 4148313.50574
 4148313.51928
 4148313.53296
 4148313.54662
 4148313.56015
 4148313.57377
 4148313.5874
 4148313.60102
 4148313.61486
 4148313.62857
 4148313.64247
 4148313.65628
 4148313.67008
 4148313.6838
 4148313.69773
 4148313.71164
 4148313.72591
 4148313.74021
 4148313.75462
 4148313.76888
 4148313.7831
 4148313.79726
 4148313.81183
 4148313.82622
 4148313.84092
 4148313.85553
 4148313.8704
 4148313.88515
 4148313.89986
 4148313.91466
 4148313.9297
 4148313.94498
 4148313.96039
 4148313.97571
 4148313.99104
 4148314.00636
 4148314.02159
 4148314.03699
 4148314.05254
 4148314.06807
 4148314.08402
 4148314.09984
 4148314.11577
 4148314.13159
 4148314.14744
 4148314.16357
 4148314.17943
 4148314.19532
 4148314.2112
 4148314.22713
 4148314.24313
 4148314.25919
 4148314.27538
 4148314.2917
 4148314.30822
 4148314.32486
 4148314.34194
 4148314.35901
 4148314.37616
 4148314.39316
 4148314.40991
 4148314.42647
 4148314.4434
 4148314.46017
 4148314.47753
 4148314.49504
 4148314.51249
 4148314.53011
 4148314.54767
 4148314.56506
 4148314.58258
 4148314.59984
 4148314.61707
 4148314.63442
 4148314.6519
 4148314.66926
 4148314.68677
 4148314.70428
 4148314.72171
 4148314.73927
 4148314.75688
 4148314.77445
 4148314.79198
 4148314.80904
 4148314.82628
 4148314.84354
 4148314.86104
 4148314.87858
 4148314.89631
 4148314.91429
 4148314.93199
 4148314.94983
 4148314.96774
 4148314.98563
 4148314.98563
 4148315.00379
 4148315.02186
 4148315.04007
 4148315.05827
 4148315.07633
 4148315.09441
 4148315.1127
 4148315.13071
 4148315.14921
 4148315.16731
 4148315.18572
 4148315.20407
 4148315.22233
 4148315.24055
 4148315.25889
 4148315.277
 4148315.29529
 4148315.3134
 4148315.33182
 4148315.34996
 4148315.3681
 4148315.3862
 4148315.40449
 4148315.42267
 4148315.44112
 4148315.45939
 4148315.47788
 4148315.49661
 4148315.51547
 4148315.53432
 4148315.55328
 4148315.5718
 4148315.59052
 4148315.60906
 4148315.62777
 4148315.64627
 4148315.66497
 4148315.68361
 4148315.7023
 4148315.72097
 4148315.73982
 4148315.75838
 4148315.77727
 4148315.79583
 4148315.81481
 4148315.83369
 4148315.85227
 4148315.87085
 4148315.88947
 4148315.90815
 4148315.90815
 4148315.92674
 4148315.94519
 4148315.96359
 4148315.98194
 4148316.00024
 4148316.01873
 4148316.03733
 4148316.0559
 4148316.07479
 4148316.09349
 4148316.11203
 4148316.13077
 4148316.14907
 4148316.16754
 4148316.18614
 4148316.20448
 4148316.22313
 4148316.2415
 4148316.25985
 4148316.27828
 4148316.29644
 4148316.31475
 4148316.33302
 4148316.3512
 4148316.36946
 4148316.38796
 4148316.4065
 4148316.42482
 4148316.44274
 4148316.46077
 4148316.47864
 4148316.49659
 4148316.51479
 4148316.53276
 4148316.55089
 4148316.569
 4148316.58685
 4148316.60482
 4148316.62304
 4148316.64127
 4148316.65965
 4148316.67773
 4148316.69575
 4148316.71349
 4148316.73116
 4148316.7488
 4148316.76647
 4148316.78449
 4148316.80231
 4148316.81974
 4148316.81974
 4148316.83765
 4148316.85565
 4148316.87344
 4148316.8914
 4148316.90946
 4148316.92741
 4148316.94518
 4148316.96289
 4148316.98063
 4148316.9983
 4148317.01606
 4148317.03381
 4148317.0515
 4148317.06912
 4148317.08663
 4148317.10421
 4148317.12189
 4148317.13939
 4148317.15698
 4148317.17464
 4148317.1921
 4148317.20959
 4148317.22719
 4148317.24506
 4148317.26259
 4148317.28048
 4148317.2981
 4148317.31595
 4148317.3337
 4148317.35112
 4148317.36878
 4148317.38643
 4148317.40396
 4148317.42157
 4148317.43932
 4148317.45719
 4148317.475
 4148317.49257
 4148317.5103
 4148317.52771
 4148317.54512
 4148317.5626
 4148317.57983
 4148317.59713
 4148317.61442
 4148317.63192
 4148317.64928
 4148317.66663
 4148317.68412
 4148317.70157
 4148317.70157
 4148317.71879
 4148317.73598
 4148317.75301
 4148317.77019
 4148317.78744
 4148317.80448
 4148317.82149
 4148317.8382
 4148317.85506
 4148317.87196
 4148317.88872
 4148317.9056
 4148317.92258
 4148317.93942
 4148317.95648
 4148317.97338
 4148317.99051
 4148318.00733
 4148318.02445
 4148318.04141
 4148318.05842
 4148318.07541
 4148318.09223
 4148318.10907
 4148318.12598
 4148318.14322
 4148318.16025
 4148318.17743
 4148318.19453
 4148318.21173
 4148318.22904
 4148318.24614
 4148318.26339
 4148318.28069
 4148318.29787
 4148318.31526
 4148318.33263
 4148318.34973
 4148318.36685
 4148318.38407
 4148318.40129
 4148318.4189
 4148318.43632
 4148318.45385
 4148318.47138
 4148318.48885
 4148318.50657
 4148318.52426
 4148318.5421
 4148318.55985
 4148318.55985
 4148318.57764
 4148318.59527
 4148318.61291
 4148318.63078
 4148318.64859
 4148318.66628
 4148318.68431
 4148318.70226
 4148318.72025
 4148318.73842
 4148318.75657
 4148318.77479
 4148318.79303
 4148318.81123
 4148318.8295
 4148318.84769
 4148318.86574
 4148318.88386
 4148318.90187
 4148318.91996
 4148318.93801
 4148318.95631
 4148318.97453
 4148318.99291
 4148319.01143
 4148319.02988
 4148319.04832
 4148319.06658
 4148319.08481
 4148319.10325
 4148319.12186
 4148319.14051
 4148319.15912
 4148319.17776
 4148319.19624
 4148319.21494
 4148319.23378
 4148319.2528
 4148319.27193
 4148319.29115
 4148319.3102
 4148319.32918
 4148319.34827
 4148319.36734
 4148319.38677
 4148319.40604
 4148319.42515
 4148319.44426
 4148319.46316
 4148319.4822
 4148319.4822
 4148319.5015
 4148319.52101
 4148319.54114
 4148319.56093
 4148319.58116
 4148319.60134
 4148319.62135
 4148319.64133
 4148319.66143
 4148319.6813
 4148319.70135
 4148319.72134
 4148319.74138
 4148319.7616
 4148319.78207
 4148319.80194
 4148319.82243
 4148319.84258
 4148319.86306
 4148319.88311
 4148319.90352
 4148319.9242
 4148319.9446
 4148319.96517
 4148319.9859
 4148320.00618
 4148320.02687
 4148320.04733
 4148320.06771
 4148320.0883
 4148320.10885
 4148320.12954
 4148320.15046
 4148320.17124
 4148320.19224
 4148320.21296
 4148320.23388
 4148320.25494
 4148320.27583
 4148320.29661
 4148320.3176
 4148320.33856
 4148320.35977
 4148320.38083
 4148320.40205
 4148320.42315
 4148320.44457
 4148320.4657
 4148320.48694
 4148320.50848
 4148320.50848
 4148320.5297
 4148320.55127
 4148320.57314
 4148320.59476
 4148320.61662
 4148320.63817
 4148320.66013
 4148320.68196
 4148320.70385
 4148320.72563
 4148320.7479
 4148320.76975
 4148320.79176
 4148320.81367
 4148320.83563
 4148320.85748
 4148320.87961
 4148320.90154
 4148320.92356
 4148320.94547
 4148320.96764
 4148320.98953
 4148321.01178
 4148321.03382
 4148321.05602
 4148321.0781
 4148321.10022
 4148321.1221
 4148321.14437
 4148321.16634
 4148321.18848
 4148321.21042
 4148321.23247
 4148321.25451
 4148321.27662
 4148321.29861
 4148321.32094
 4148321.34292
 4148321.36526
 4148321.38744
 4148321.40943
 4148321.43144
 4148321.45359
 4148321.47555
 4148321.49783
 4148321.51971
 4148321.54191
 4148321.56416
 4148321.58655
 4148321.60883
 4148321.60883
 4148321.63137
 4148321.65387
 4148321.67665
 4148321.69895
 4148321.72152
 4148321.74413
 4148321.76682
 4148321.78923
 4148321.81199
 4148321.83427
 4148321.8571
 4148321.87943
 4148321.90216
 4148321.92446
 4148321.94708
 4148321.96953
 4148321.9921
 4148322.01449
 4148322.03709
 4148322.05963
 4148322.08228
 4148322.10452
 4148322.12724
 4148322.14966
 4148322.1726
 4148322.19534
 4148322.21828
 4148322.24103
 4148322.26407
 4148322.28679
 4148322.30958
 4148322.33211
 4148322.35501
 4148322.37759
 4148322.40036
 4148322.42282
 4148322.44563
 4148322.46816
 4148322.49113
 4148322.51375
 4148322.53684
 4148322.55948
 4148322.58245
 4148322.60559
 4148322.62843
 4148322.65137
 4148322.67439
 4148322.69724
 4148322.72014
 4148322.74271
 4148322.74271
 4148322.76592
 4148322.78852
 4148322.81284
 4148322.83681
 4148322.86114
 4148322.88481
 4148322.90917
 4148322.93306
 4148322.95741
 4148322.98105
 4148323.00534
 4148323.02937
 4148323.05365
 4148323.07754
 4148323.102
 4148323.12578
 4148323.15033
 4148323.17427
 4148323.19857
 4148323.22218
 4148323.24631
 4148323.27026
 4148323.29454
 4148323.3181
 4148323.34237
 4148323.36604
 4148323.39014
 4148323.41366
 4148323.43784
 4148323.46151
 4148323.48585
 4148323.50937
 4148323.53329
 4148323.5567
 4148323.58055
 4148323.6041
 4148323.62808
 4148323.65148
 4148323.67525
 4148323.69818
 4148323.72256
 4148323.74612
 4148323.76962
 4148323.79337
 4148323.81717
 4148323.83981
 4148323.86406
 4148323.88719
 4148323.91079
 4148323.93414
 4148323.93414
 4148323.9577
 4148323.98059
 4148324.00371
 4148324.02626
 4148324.04931
 4148324.07199
 4148324.09483
 4148324.11692
 4148324.13974
 4148324.1621
 4148324.1845
 4148324.20673
 4148324.22902
 4148324.25151
 4148324.27367
 4148324.29591
 4148324.31798
 4148324.33988
 4148324.36235
 4148324.38428
 4148324.4067
 4148324.42882
 4148324.45108
 4148324.4731
 4148324.49511
 4148324.51707
 4148324.53906
 4148324.5607
 4148324.58254
 4148324.60422
 4148324.62626
 4148324.64776
 4148324.66975
 4148324.69147
 4148324.71379
 4148324.73542
 4148324.75716
 4148324.77847
 4148324.80011
 4148324.82131
 4148324.84306
 4148324.86417
 4148324.88576
 4148324.90706
 4148324.9286
 4148324.94963
 4148324.97123
 4148324.99239
 4148325.01388
 4148325.035
 4148325.035
 4148325.05653
 4148325.07788
 4148325.09891
 4148325.11975
 4148325.14074
 4148325.16113
 4148325.18191
 4148325.20245
 4148325.22328
 4148325.24396
 4148325.26503
 4148325.28591
 4148325.30694
 4148325.32749
 4148325.34808
 4148325.36866
 4148325.38949
 4148325.41008
 4148325.43107
 4148325.45166
 4148325.47235
 4148325.49297
 4148325.51366
 4148325.5339
 4148325.55457
 4148325.57473
 4148325.59513
 4148325.61544
 4148325.63581
 4148325.6562
 4148325.67666
 4148325.69679
 4148325.71727
 4148325.73711
 4148325.75718
 4148325.77715
 4148325.79734
 4148325.81733
 4148325.83784
 4148325.85808
 4148325.87854
 4148325.89867
 4148325.91888
 4148325.93885
 4148325.9591
 4148325.97924
 4148325.99935
 4148326.01902
 4148326.03893
 4148326.05864
 4148326.05864
 4148326.07854
 4148326.09811
 4148326.11761
 4148326.13712
 4148326.15662
 4148326.17611
 4148326.19538
 4148326.21459
 4148326.2337
 4148326.25273
 4148326.27215
 4148326.29116
 4148326.31064
 4148326.32985
 4148326.34913
 4148326.3687
 4148326.38811
 4148326.40759
 4148326.42708
 4148326.44616
 4148326.46534
 4148326.48425
 4148326.50353
 4148326.52292
 4148326.54203
 4148326.56128
 4148326.58039
 4148326.5995
 4148326.61888
 4148326.63811
 4148326.65735
 4148326.67671
 4148326.69615
 4148326.71563
 4148326.73526
 4148326.75494
 4148326.77438
 4148326.79337
 4148326.81266
 4148326.83158
 4148326.8505
 4148326.86936
 4148326.88811
 4148326.90719
 4148326.92621
 4148326.94528
 4148326.9645
 4148326.98379
 4148327.00326
 4148327.02258
 4148327.02258
 4148327.04158
 4148327.06059
 4148327.07967
 4148327.09856
 4148327.11744
 4148327.13629
 4148327.15538
 4148327.17402
 4148327.19289
 4148327.21139
 4148327.23012
 4148327.24853
 4148327.26728
 4148327.28585
 4148327.30439
 4148327.32289
 4148327.34157
 4148327.35999
 4148327.37834
 4148327.3967
 4148327.41471
 4148327.43252
 4148327.45106
 4148327.46915
 4148327.48731
 4148327.50534
 4148327.52356
 4148327.54133
 4148327.55916
 4148327.57771
 4148327.59527
 4148327.61343
 4148327.63109
 4148327.64884
 4148327.66658
 4148327.68397
 4148327.70181
 4148327.7196
 4148327.73746
 4148327.75509
 4148327.77275
 4148327.79026
 4148327.80789
 4148327.82546
 4148327.84306
 4148327.86067
 4148327.87829
 4148327.8955
 4148327.91301
 4148327.93047
 4148327.93047
 4148327.94773
 4148327.96497
 4148327.98216
 4148327.99952
 4148328.01669
 4148328.03379
 4148328.05096
 4148328.06798
 4148328.08516
 4148328.10254
 4148328.11959
 4148328.13646
 4148328.15347
 4148328.17001
 4148328.18707
 4148328.20416
 4148328.22124
 4148328.23834
 4148328.25529
 4148328.27245
 4148328.28947
 4148328.3066
 4148328.32374
 4148328.34096
 4148328.35826
 4148328.37549
 4148328.39291
 4148328.41023
 4148328.4277
 4148328.44522
 4148328.4628
 4148328.48038
 4148328.49813
 4148328.51574
 4148328.53361
 4148328.55144
 4148328.56965
 4148328.58792
 4148328.60623
 4148328.62463
 4148328.64293
 4148328.66137
 4148328.68009
 4148328.6988
 4148328.71792
 4148328.73703
 4148328.75634
 4148328.77582
 4148328.7954
 4148328.81535
 4148328.81535
 4148328.83557
 4148328.85602
 4148328.87638
 4148328.89716
 4148328.91799
 4148328.93922
 4148328.96038
 4148328.98166
 4148329.00337
 4148329.02513
 4148329.04696
 4148329.06951
 4148329.09195
 4148329.11498
 4148329.13841
 4148329.16199
 4148329.18575
 4148329.20973
 4148329.23424
 4148329.25917
 4148329.28411
 4148329.30964
 4148329.33531
 4148329.36169
 4148329.38826
 4148329.41537
 4148329.44277
 4148329.47001
 4148329.49784
 4148329.52602
 4148329.55462
 4148329.58369
 4148329.61328
 4148329.64316
 4148329.6736
 4148329.70452
 4148329.73593
 4148329.76811
 4148329.8003
 4148329.83303
 4148329.86606
 4148329.89901
 4148329.93301
 4148329.96685
 4148330.00178
 4148330.03707
 4148330.07247
 4148330.10851
 4148330.14473
 4148330.18128
 4148330.18128
 4148330.21815
 4148330.25533
 4148330.29292
 4148330.3308
 4148330.3695
 4148330.40873
 4148330.4482
 4148330.48808
 4148330.5282
 4148330.56848
 4148330.60949
 4148330.65106
 4148330.69245
 4148330.73483
 4148330.77693
 4148330.81948
 4148330.86225
 4148330.90502
 4148330.94828
 4148330.99159
 4148331.03554
 4148331.07965
 4148331.12395
 4148331.16835
 4148331.21285
 4148331.25744
 4148331.30236
 4148331.34761
 4148331.39318
 4148331.43894
 4148331.48488
 4148331.53079
 4148331.5768
 4148331.62293
 4148331.66938
 4148331.71614
 4148331.76304
 4148331.80993
 4148331.85681
 4148331.90367
 4148331.95065
 4148331.99758
 4148332.0446
 4148332.09162
 4148332.13873
 4148332.18612
 4148332.2334
 4148332.28082
 4148332.328
 4148332.375
 4148332.375
 4148332.4219
 4148332.46873
 4148332.51434
 4148332.56036
 4148332.60592
 4148332.65186
 4148332.69727
 4148332.74324
 4148332.78846
 4148332.83425
 4148332.87936
 4148332.92465
 4148332.96966
 4148333.01479
 4148333.05972
 4148333.10512
 4148333.14992
 4148333.19529
 4148333.24006
 4148333.28509
 4148333.32978
 4148333.37486
 4148333.41946
 4148333.46461
 4148333.50926
 4148333.55429
 4148333.59863
 4148333.64329
 4148333.68727
 4148333.73164
 4148333.77537
 4148333.81941
 4148333.86292
 4148333.90671
 4148333.94996
 4148333.9935
 4148334.03634
 4148334.07954
 4148334.12191
 4148334.16448
 4148334.20635
 4148334.24836
 4148334.28965
 4148334.33089
 4148334.37159
 4148334.41232
 4148334.4525
 4148334.49289
 4148334.53236
 4148334.57195
 4148334.57195
 4148334.61073
 4148334.64944
 4148334.68714
 4148334.725
 4148334.76205
 4148334.79917
 4148334.83546
 4148334.87174
 4148334.90721
 4148334.94269
 4148334.97725
 4148335.01194
 4148335.04579
 4148335.07987
 4148335.11294
 4148335.14617
 4148335.17846
 4148335.21078
 4148335.24217
 4148335.27376
 4148335.30432
 4148335.33501
 4148335.36471
 4148335.39449
 4148335.42341
 4148335.45244
 4148335.48061
 4148335.5089
 4148335.53615
 4148335.56349
 4148335.58979
 4148335.61618
 4148335.6416
 4148335.66706
 4148335.69158
 4148335.71607
 4148335.73976
 4148335.76347
 4148335.78627
 4148335.80905
 4148335.83087
 4148335.85271
 4148335.87358
 4148335.89455
 4148335.9146
 4148335.93471
 4148335.95403
 4148335.97336
 4148335.9918
 4148336.01022
 4148336.01022
 4148336.02767
 4148336.04565
 4148336.06355
 4148336.0807
 4148336.0977
 4148336.11437
 4148336.13009
 4148336.14545
 4148336.16017
 4148336.17456
 4148336.18844
 4148336.20183
 4148336.21473
 4148336.2271
 4148336.23886
 4148336.25004
 4148336.26064
 4148336.27084
 4148336.28065
 4148336.28992
 4148336.29903
 4148336.30728
 4148336.3147
 4148336.32193
 4148336.32829
 4148336.33442
 4148336.33977
 4148336.34492
 4148336.3493
 4148336.35313
 4148336.35651
 4148336.35937
 4148336.36166
 4148336.3637
 4148336.365
 4148336.36592
 4148336.36625
 4148336.3661
 4148336.36532
 4148336.36396
 4148336.36204
 4148336.35968
 4148336.3567
 4148336.35327
 4148336.3492
 4148336.34471
 4148336.33963
 4148336.33418
 4148336.32804
 4148336.32162
 4148336.32162
 4148336.31439
 4148336.30731
 4148336.30041
 4148336.29274
 4148336.28482
 4148336.27611
 4148336.26713
 4148336.25733
 4148336.24732
 4148336.23637
 4148336.22529
 4148336.21335
 4148336.20133
 4148336.18847
 4148336.17541
 4148336.16156
 4148336.14747
 4148336.13244
 4148336.11713
 4148336.101
 4148336.08463
 4148336.06749
 4148336.05022
 4148336.03214
 4148336.01385
 4148335.99481
 4148335.97558
 4148335.95558
 4148335.93535
 4148335.91431
 4148335.89314
 4148335.8711
 4148335.84897
 4148335.82605
 4148335.803
 4148335.77925
 4148335.75531
 4148335.73069
 4148335.70596
 4148335.68047
 4148335.65483
 4148335.62846
 4148335.60185
 4148335.57448
 4148335.547
 4148335.5189
 4148335.49066
 4148335.46173
 4148335.43273
 4148335.40311
 4148335.40311
 4148335.37333
 4148335.34284
 4148335.31212
 4148335.28069
 4148335.24915
 4148335.21699
 4148335.18455
 4148335.15141
 4148335.11822
 4148335.0844
 4148335.05065
 4148335.01653
 4148334.98227
 4148334.94746
 4148334.91268
 4148334.87718
 4148334.84169
 4148334.80574
 4148334.76986
 4148334.73346
 4148334.69704
 4148334.65991
 4148334.62281
 4148334.58509
 4148334.54739
 4148334.50918
 4148334.47103
 4148334.43233
 4148334.39361
 4148334.35444
 4148334.31521
 4148334.27548
 4148334.23581
 4148334.19561
 4148334.15539
 4148334.11481
 4148334.07414
 4148334.03304
 4148333.99195
 4148333.95037
 4148333.90899
 4148333.86705
 4148333.82499
 4148333.78226
 4148333.73965
 4148333.69659
 4148333.65371
 4148333.61048
 4148333.56735
 4148333.52383
 4148333.52383
 4148333.48019
 4148333.43518
 4148333.38884
 4148333.34263
 4148333.29596
 4148333.2497
 4148333.20302
 4148333.15659
 4148333.10962
 4148333.06268
 4148333.0149
 4148332.96739
 4148332.91942
 4148332.8717
 4148332.82347
 4148332.77553
 4148332.72676
 4148332.67803
 4148332.62858
 4148332.5793
 4148332.52942
 4148332.47994
 4148332.42994
 4148332.38018
 4148332.32965
 4148332.27921
 4148332.22814
 4148332.1772
 4148332.12574
 4148332.07454
 4148332.02279
 4148331.97122
 4148331.91897
 4148331.86689
 4148331.81423
 4148331.76188
 4148331.70881
 4148331.65606
 4148331.60257
 4148331.54924
 4148331.49542
 4148331.44177
 4148331.38761
 4148331.33372
 4148331.27932
 4148331.22502
 4148331.17012
 4148331.11545
 4148331.06011
 4148331.00507
 4148331.00507
 4148330.94935
 4148330.89307
 4148330.83533
 4148330.77826
 4148330.72012
 4148330.6627
 4148330.60433
 4148330.54665
 4148330.48793
 4148330.43002
 4148330.37094
 4148330.31268
 4148330.2533
 4148330.19464
 4148330.1351
 4148330.07623
 4148330.01649
 4148329.95755
 4148329.89739
 4148329.83823
 4148329.77811
 4148329.71869
 4148329.6585
 4148329.59914
 4148329.5389
 4148329.47937
 4148329.41887
 4148329.35921
 4148329.2987
 4148329.23898
 4148329.17857
 4148329.11902
 4148329.05867
 4148328.99919
 4148328.93889
 4148328.87949
 4148328.81918
 4148328.75979
 4148328.69947
 4148328.64012
 4148328.57995
 4148328.52078
 4148328.46088
 4148328.40194
 4148328.34222
 4148328.28351
 4148328.22408
 4148328.16562
 4148328.10653
 4148328.04845
 4148328.04845
 4148327.98959
 4148327.93226
 4148327.8723
 4148327.81376
 4148327.75416
 4148327.69588
 4148327.6366
 4148327.57885
 4148327.52007
 4148327.46262
 4148327.40435
 4148327.34749
 4148327.28969
 4148327.23336
 4148327.17622
 4148327.12047
 4148327.06396
 4148327.00891
 4148326.95297
 4148326.89865
 4148326.84352
 4148326.78991
 4148326.7355
 4148326.68265
 4148326.62882
 4148326.57653
 4148326.52341
 4148326.47192
 4148326.41949
 4148326.36871
 4148326.3172
 4148326.26708
 4148326.21616
 4148326.16689
 4148326.11664
 4148326.06804
 4148326.01869
 4148325.97084
 4148325.92216
 4148325.87519
 4148325.82743
 4148325.78122
 4148325.7342
 4148325.68882
 4148325.64256
 4148325.59804
 4148325.5528
 4148325.50918
 4148325.46489
 4148325.42229
 4148325.42229
 4148325.37889
 4148325.33672
 4148325.29457
 4148325.25407
 4148325.21301
 4148325.17348
 4148325.13352
 4148325.09512
 4148325.05617
 4148325.01885
 4148324.9811
 4148324.94494
 4148324.90845
 4148324.87348
 4148324.83803
 4148324.80412
 4148324.76976
 4148324.73694
 4148324.70382
 4148324.67214
 4148324.64007
 4148324.60929
 4148324.57813
 4148324.54849
 4148324.51831
 4148324.48967
 4148324.46049
 4148324.43296
 4148324.40486
 4148324.37834
 4148324.35155
 4148324.32633
 4148324.30084
 4148324.27696
 4148324.25255
 4148324.22974
 4148324.20639
 4148324.18474
 4148324.1627
 4148324.14245
 4148324.12164
 4148324.10244
 4148324.08286
 4148324.06489
 4148324.04665
 4148324.02997
 4148324.013
 4148323.99753
 4148323.98155
 4148323.96715
 4148323.96715
 4148323.95221
 4148323.93968
 4148323.92842
 4148323.91803
 4148323.90819
 4148323.89919
 4148323.89076
 4148323.88294
 4148323.87556
 4148323.86874
 4148323.86256
 4148323.85705
 4148323.85217
 4148323.8483
 4148323.84478
 4148323.84213
 4148323.83977
 4148323.83802
 4148323.83657
 4148323.83565
 4148323.83507
 4148323.83507
 4148323.83564
 4148323.83671
 4148323.8382
 4148323.84033
 4148323.84261
 4148323.84543
 4148323.84864
 4148323.85222
 4148323.85614
 4148323.86064
 4148323.86537
 4148323.87051
 4148323.87592
 4148323.88194
 4148323.88803
 4148323.89444
 4148323.90086
 4148323.90772
 4148323.91491
 4148323.92251
 4148323.93014
 4148323.93821
 4148323.94632
 4148323.95458
 4148323.9629
 4148323.9714
 4148323.97993
 4148323.98878
 4148323.98878
 4148323.99746
 4148324.00655
 4148324.01541
 4148324.02444
 4148324.03348
 4148324.04258
 4148324.05173
 4148324.06127
 4148324.07046
 4148324.07988
 4148324.08901
 4148324.09823
 4148324.10728
 4148324.11643
 4148324.12544
 4148324.13489
 4148324.14384
 4148324.15298
 4148324.16187
 4148324.17079
 4148324.17964
 4148324.18838
 4148324.19724
 4148324.20594
 4148324.21441
 4148324.22295
 4148324.23105
 4148324.23918
 4148324.24697
 4148324.25484
 4148324.26261
 4148324.27038
 4148324.27804
 4148324.28569
 4148324.29317
 4148324.30052
 4148324.30769
 4148324.31483
 4148324.32163
 4148324.32856
 4148324.33511
 4148324.34201
 4148324.34853
 4148324.355
 4148324.36126
 4148324.36734
 4148324.37314
 4148324.37892
 4148324.38458
 4148324.3901
 4148324.3901
 4148324.39551
 4148324.40073
 4148324.40571
 4148324.41072
 4148324.41538
 4148324.41995
 4148324.42428
 4148324.42858
 4148324.43251
 4148324.43644
 4148324.44024
 4148324.44385
 4148324.44732
 4148324.4506
 4148324.45346
 4148324.45644
 4148324.45895
 4148324.46164
 4148324.4641
 4148324.46668
 4148324.46841
 4148324.4704
 4148324.47189
 4148324.47341
 4148324.47491
 4148324.47631
 4148324.47752
 4148324.47858
 4148324.47936
 4148324.47992
 4148324.48016
 4148324.48016
 4148324.47986
 4148324.47958
 4148324.47909
 4148324.47836
 4148324.47738
 4148324.47624
 4148324.47486
 4148324.47359
 4148324.47177
 4148324.47006
 4148324.46786
 4148324.46558
 4148324.46321
 4148324.46044
 4148324.45733
 4148324.4541
 4148324.45031
 4148324.44649
 4148324.44649
 4148324.44244
 4148324.43809
 4148324.43326
 4148324.4289
 4148324.42369
 4148324.41866
 4148324.41295
 4148324.40743
 4148324.40155
 4148324.39559
 4148324.38964
 4148324.38378
 4148324.37744
 4148324.37127
 4148324.36464
 4148324.3581
 4148324.3513
 4148324.3446
 4148324.33764
 4148324.33074
 4148324.32364
 4148324.31672
 4148324.30946
 4148324.30243
 4148324.29508
 4148324.28793
 4148324.28049
 4148324.27328
 4148324.26545
 4148324.25795
 4148324.25007
 4148324.24252
 4148324.2346
 4148324.22705
 4148324.21935
 4148324.21186
 4148324.20393
 4148324.19622
 4148324.18807
 4148324.1801
 4148324.17181
 4148324.16376
 4148324.15563
 4148324.14759
 4148324.13904
 4148324.13085
 4148324.12221
 4148324.11361
 4148324.1049
 4148324.09649
 4148324.09649
 4148324.08741
 4148324.07896
 4148324.07066
 4148324.06228
 4148324.05397
 4148324.04564
 4148324.03724
 4148324.02857
 4148324.01997
 4148324.01115
 4148324.00192
 4148323.99251
 4148323.98324
 4148323.97371
 4148323.96453
 4148323.9551
 4148323.94571
 4148323.93596
 4148323.9261
 4148323.91618
 4148323.90631
 4148323.89641
 4148323.8866
 4148323.87672
 4148323.86669
 4148323.8563
 4148323.84598
 4148323.83559
 4148323.82526
 4148323.8151
 4148323.80494
 4148323.79434
 4148323.78406
 4148323.77364
 4148323.76311
 4148323.75294
 4148323.74253
 4148323.73217
 4148323.72175
 4148323.71138
 4148323.70099
 4148323.69058
 4148323.68031
 4148323.67022
 4148323.6601
 4148323.64993
 4148323.63989
 4148323.62986
 4148323.61984
 4148323.60998
 4148323.60998
 4148323.59995
 4148323.58979
 4148323.57919
 4148323.56848
 4148323.55768
 4148323.54691
 4148323.53608
 4148323.52545
 4148323.51458
 4148323.50403
 4148323.49298
 4148323.4822
 4148323.47111
 4148323.46019
 4148323.44893
 4148323.43779
 4148323.42652
 4148323.41528
 4148323.40364
 4148323.39218
 4148323.38056
 4148323.36889
 4148323.35699
 4148323.34532
 4148323.33347
 4148323.32151
 4148323.30941
 4148323.29774
 4148323.2857
 4148323.27384
 4148323.26166
 4148323.24952
 4148323.23703
 4148323.22471
 4148323.21232
 4148323.19979
 4148323.18735
 4148323.17497
 4148323.16222
 4148323.14959
 4148323.13673
 4148323.124
 4148323.11117
 4148323.09833
 4148323.08523
 4148323.07235
 4148323.0593
 4148323.0463
 4148323.03307
 4148323.01977
 4148323.00649
 4148322.99226
 4148322.97681
 4148322.96208
 4148322.9469
 4148322.93229
 4148322.91679
 4148322.90191
 4148322.88614
 4148322.87111
 4148322.8552
 4148322.83995
 4148322.82437
 4148322.80918
 4148322.7932
 4148322.77786
 4148322.76167
 4148322.7463
 4148322.73013
 4148322.71449
 4148322.69831
 4148322.68238
 4148322.66574
 4148322.64983
 4148322.63306
 4148322.61717
 4148322.60046
 4148322.58448
 4148322.5677
 4148322.55148
 4148322.53441
 4148322.51832
 4148322.50143
 4148322.48518
 4148322.46792
 4148322.45113
 4148322.43396
 4148322.41714
 4148322.39987
 4148322.38295
 4148322.36512
 4148322.34829
 4148322.33041
 4148322.31332
 4148322.29568
 4148322.27862
 4148322.26101
 4148322.24383
 4148322.22569
 4148322.20825
 4148322.20825
 4148322.18991
 4148322.17273
 4148322.1554
 4148322.13807
 4148322.12078
 4148322.10334
 4148322.08569
 4148322.06875
 4148322.05087
 4148322.03344
 4148322.01555
 4148321.99778
 4148321.9797
 4148321.96167
 4148321.94344
 4148321.92554
 4148321.90703
 4148321.88877
 4148321.8701
 4148321.85173
 4148321.83298
 4148321.81447
 4148321.79585
 4148321.77723
 4148321.75831
 4148321.7394
 4148321.72008
 4148321.70101
 4148321.68171
 4148321.66261
 4148321.6433
 4148321.6242
 4148321.60474
 4148321.58547
 4148321.56615
 4148321.54702
 4148321.52771
 4148321.50844
 4148321.48863
 4148321.4691
 4148321.44913
 4148321.42938
 4148321.4098
 4148321.39031
 4148321.37039
 4148321.35043
 4148321.33039
 4148321.31072
 4148321.29051
 4148321.27078
 4148321.27078
 4148321.25041
 4148321.23022
 4148321.20897
 4148321.1881
 4148321.16669
 4148321.14571
 4148321.1242
 4148321.10297
 4148321.08112
 4148321.0599
 4148321.0381
 4148321.01707
 4148320.99546
 4148320.97413
 4148320.95231
 4148320.93062
 4148320.90864
 4148320.88675
 4148320.86468
 4148320.84289
 4148320.8204
 4148320.79852
 4148320.77607
 4148320.75402
 4148320.73152
 4148320.70947
 4148320.68685
 4148320.66449
 4148320.64182
 4148320.61946
 4148320.59653
 4148320.57414
 4148320.55131
 4148320.52866
 4148320.50555
 4148320.48288
 4148320.45973
 4148320.43702
 4148320.41381
 4148320.39107
 4148320.36758
 4148320.34459
 4148320.32118
 4148320.29804
 4148320.27471
 4148320.25173
 4148320.22817
 4148320.20524
 4148320.18145
 4148320.15828
 4148320.15828
 4148320.13442
 4148320.11078
 4148320.08754
 4148320.06435
 4148320.04097
 4148320.01767
 4148319.99414
 4148319.97101
 4148319.94753
 4148319.92418
 4148319.90063
 4148319.87721
 4148319.85359
 4148319.83011
 4148319.80643
 4148319.78286
 4148319.75904
 4148319.73521
 4148319.71132
 4148319.68759
 4148319.66353
 4148319.63969
 4148319.61561
 4148319.5916
 4148319.56777
 4148319.54396
 4148319.52004
 4148319.49638
 4148319.47219
 4148319.44812
 4148319.42393
 4148319.39982
 4148319.37574
 4148319.35178
 4148319.32734
 4148319.30331
 4148319.27925
 4148319.25518
 4148319.23135
 4148319.20747
 4148319.18314
 4148319.15917
 4148319.13488
 4148319.11066
 4148319.08657
 4148319.06253
 4148319.03842
 4148319.01449
 4148318.99033
 4148318.96637
 4148318.96637
 4148318.94215
 4148318.91824
 4148318.89445
 4148318.87085
 4148318.84705
 4148318.82339
 4148318.7997
 4148318.77588
 4148318.75239
 4148318.72882
 4148318.70524
 4148318.68172
 4148318.6581
 4148318.63455
 4148318.6112
 4148318.58776
 4148318.56432
 4148318.54073
 4148318.51717
 4148318.49354
 4148318.46994
 4148318.44666
 4148318.42327
 4148318.39988
 4148318.3765
 4148318.35321
 4148318.32982
 4148318.30664
 4148318.2833
 4148318.25999
 4148318.23662
 4148318.21315
 4148318.18984
 4148318.16659
 4148318.14329
 4148318.11993
 4148318.09672
 4148318.07353
 4148318.0504
 4148318.02725
 4148318.00412
 4148317.98087
 4148317.95757
 4148317.9341
 4148317.91067
 4148317.88735
 4148317.86399
 4148317.84076
 4148317.81734
 4148317.79417
 4148317.79417
 4148317.77095
 4148317.74759
 4148317.72421
 4148317.70087
 4148317.67712
 4148317.65347
 4148317.62981
 4148317.60619
 4148317.58268
 4148317.55929
 4148317.53566
 4148317.51212
 4148317.4884
 4148317.46483
 4148317.44137
 4148317.41782
 4148317.39423
 4148317.37066
 4148317.34685
 4148317.32314
 4148317.29936
 4148317.27569
 4148317.25179
 4148317.22807
 4148317.2041
 4148317.18028
 4148317.1566
 4148317.13288
 4148317.10893
 4148317.08497
 4148317.06089
 4148317.03666
 4148317.01247
 4148316.98855
 4148316.96425
 4148316.94008
 4148316.91583
 4148316.8916
 4148316.8675
 4148316.84344
 4148316.81915
 4148316.79496
 4148316.77051
 4148316.74617
 4148316.72156
 4148316.69712
 4148316.67279
 4148316.64848
 4148316.62405
 4148316.59976
 4148316.59976
 4148316.57531
 4148316.55087
 4148316.52596
 4148316.50127
 4148316.47641
 4148316.45157
 4148316.42669
 4148316.40201
 4148316.3772
 4148316.35266
 4148316.32772
 4148316.30302
 4148316.27833
 4148316.25385
 4148316.22915
 4148316.20476
 4148316.17987
 4148316.15534
 4148316.13048
 4148316.10578
 4148316.08098
 4148316.05641
 4148316.03194
 4148316.00728
 4148315.98276
 4148315.95831
 4148315.93345
 4148315.90906
 4148315.88409
 4148315.85943
 4148315.83456
 4148315.80967
 4148315.78468
 4148315.75996
 4148315.73503
 4148315.71014
 4148315.68532
 4148315.66071
 4148315.63598
 4148315.61135
 4148315.58642
 4148315.56193
 4148315.53692
 4148315.51204
 4148315.48731
 4148315.46258
 4148315.43778
 4148315.41336
 4148315.38834
 4148315.36388
 4148315.36388
 4148315.33913
 4148315.31455
 4148315.29121
 4148315.26752
 4148315.24374
 4148315.22023
 4148315.19666
 4148315.1729
 4148315.14961
 4148315.12585
 4148315.10268
 4148315.07904
 4148315.05567
 4148315.03248
 4148315.00884
 4148314.98506
 4148314.9617
 4148314.93795
 4148314.9146
 4148314.89068
 4148314.86723
 4148314.84348
 4148314.82005
 4148314.79637
 4148314.7731
 4148314.74934
 4148314.72586
 4148314.70192
 4148314.67825
 4148314.65429
 4148314.6306
 4148314.60653
 4148314.58276
 4148314.55875
 4148314.53492
 4148314.51092
 4148314.48716
 4148314.46303
 4148314.43911
 4148314.41475
 4148314.39079
 4148314.36644
 4148314.34243
 4148314.31796
 4148314.2939
 4148314.26957
 4148314.24539
 4148314.22094
 4148314.19688
 4148314.1725
 4148314.14817
 4148314.12308
 4148314.09717
 4148314.07149
 4148314.04552
 4148314.01977
 4148313.9937
 4148313.96783
 4148313.94201
 4148313.91626
 4148313.89056
 4148313.86491
 4148313.83907
 4148313.81341
 4148313.78745
 4148313.76175
 4148313.73588
 4148313.71019
 4148313.68463
 4148313.65918
 4148313.63351
 4148313.6083
 4148313.58268
 4148313.55739
 4148313.53183
 4148313.50655
 4148313.48099
 4148313.4559
 4148313.43054
 4148313.40536
 4148313.38005
 4148313.35495
 4148313.32975
 4148313.30489
 4148313.27985
 4148313.2551
 4148313.23018
 4148313.20535
 4148313.18042
 4148313.15596
 4148313.13121
 4148313.10689
 4148313.08257
 4148313.05839
 4148313.03417
 4148313.01029
 4148312.98641
 4148312.96262
 4148312.93884
 4148312.9152
 4148312.9152
 4148312.89151
 4148312.8682
 4148312.84506
 4148312.82211
 4148312.79933
 4148312.77655
 4148312.75372
 4148312.73149
 4148312.70895
 4148312.68625
 4148312.66389
 4148312.64148
 4148312.61885
 4148312.59647
 4148312.57416
 4148312.55183
 4148312.52968
 4148312.50757
 4148312.48525
 4148312.46314
 4148312.44092
 4148312.41889
 4148312.39648
 4148312.37422
 4148312.35184
 4148312.32958
 4148312.30714
 4148312.2849
 4148312.26245
 4148312.24008
 4148312.21767
 4148312.19533
 4148312.17305
 4148312.15057
 4148312.12816
 4148312.10565
 4148312.08286
 4148312.06021
 4148312.03744
 4148312.01471
 4148311.99203
 4148311.96928
 4148311.94677
 4148311.92418
 4148311.90149
 4148311.87891
 4148311.85606
 4148311.83314
 4148311.81014
 4148311.78726
 4148311.78726
 4148311.76449
 4148311.74158
 4148311.71894
 4148311.6959
 4148311.67254
 4148311.64963
 4148311.62658
 4148311.60343
 4148311.58037
 4148311.55723
 4148311.53437
 4148311.51106
 4148311.48802
 4148311.46485
 4148311.44166
 4148311.41838
 4148311.3951
 4148311.37211
 4148311.34894
 4148311.32608
 4148311.30225
 4148311.27875
 4148311.25497
 4148311.23131
 4148311.20754
 4148311.1838
 4148311.15986
 4148311.13591
 4148311.11188
 4148311.08797
 4148311.06401
 4148311.03973
 4148311.01571
 4148310.99146
 4148310.96731
 4148310.94281
 4148310.91861
 4148310.89421
 4148310.86978
 4148310.84535
 4148310.82107
 4148310.79655
 4148310.77221
 4148310.74774
 4148310.72289
 4148310.69829
 4148310.67369
 4148310.64884
 4148310.62413
 4148310.59925
 4148310.59925
 4148310.5743
 4148310.54954
 4148310.52458
 4148310.50011
 4148310.4754
 4148310.45038
 4148310.42556
 4148310.40082
 4148310.37577
 4148310.35089
 4148310.32589
 4148310.30116
 4148310.27607
 4148310.25096
 4148310.22618
 4148310.20148
 4148310.17658
 4148310.15178
 4148310.12693
 4148310.1019
 4148310.07696
 4148310.0519
 4148310.02712
 4148310.00217
 4148309.97743
 4148309.9525
 4148309.92768
 4148309.90291
 4148309.87837
 4148309.85311
 4148309.82831
 4148309.80345
 4148309.77846
 4148309.75354
 4148309.72856
 4148309.70375
 4148309.67887
 4148309.65422
 4148309.62925
 4148309.60452
 4148309.57987
 4148309.55482
 4148309.53006
 4148309.50544
 4148309.48023
 4148309.45521
 4148309.43042
 4148309.40554
 4148309.38068
 4148309.3558
 4148309.3558
 4148309.33099
 4148309.30593
 4148309.28022
 4148309.25491
 4148309.22922
 4148309.20365
 4148309.1779
 4148309.15236
 4148309.12655
 4148309.10114
 4148309.07534
 4148309.05005
 4148309.0244
 4148308.99893
 4148308.9734
 4148308.94808
 4148308.92239
 4148308.89698
 4148308.87133
 4148308.84617
 4148308.82049
 4148308.79515
 4148308.76942
 4148308.74404
 4148308.71829
 4148308.69303
 4148308.66755
 4148308.64236
 4148308.61698
 4148308.59178
 4148308.56625
 4148308.54094
 4148308.51529
 4148308.49008
 4148308.46431
 4148308.43899
 4148308.41325
 4148308.388
 4148308.36211
 4148308.33669
 4148308.3109
 4148308.28549
 4148308.25962
 4148308.23412
 4148308.20809
 4148308.18239
 4148308.15609
 4148308.13017
 4148308.10381
 4148308.07791
 4148308.07791
 4148308.05145
 4148308.02585
 4148308.00218
 4148307.97766
 4148307.95378
 4148307.92945
 4148307.90521
 4148307.88047
 4148307.85612
 4148307.8314
 4148307.80691
 4148307.78203
 4148307.75748
 4148307.73246
 4148307.70776
 4148307.68241
 4148307.65768
 4148307.6323
 4148307.60747
 4148307.58203
 4148307.55708
 4148307.53167
 4148307.50662
 4148307.48096
 4148307.45579
 4148307.43008
 4148307.40476
 4148307.37897
 4148307.35367
 4148307.32797
 4148307.30244
 4148307.27658
 4148307.25097
 4148307.22472
 4148307.19922
 4148307.1729
 4148307.14727
 4148307.12134
 4148307.09565
 4148307.06956
 4148307.04402
 4148307.01811
 4148306.99257
 4148306.96651
 4148306.94105
 4148306.91502
 4148306.88938
 4148306.86327
 4148306.83775
 4148306.81185
 4148306.81185
 4148306.78631
 4148306.75968
 4148306.73314
 4148306.70635
 4148306.67976
 4148306.65313
 4148306.62661
 4148306.60005
 4148306.57331
 4148306.54645
 4148306.51977
 4148306.49289
 4148306.46608
 4148306.43929
 4148306.41254
 4148306.38596
 4148306.35923
 4148306.33256
 4148306.30603
 4148306.27945
 4148306.25296
 4148306.22622
 4148306.1997
 4148306.1731
 4148306.14644
 4148306.11961
 4148306.093
 4148306.06633
 4148306.03964
 4148306.01298
 4148305.98634
 4148305.95971
 4148305.93306
 4148305.90632
 4148305.87993
 4148305.85327
 4148305.82684
 4148305.80019
 4148305.77343
 4148305.74684
 4148305.72047
 4148305.69378
 4148305.6676
 4148305.64137
 4148305.61503
 4148305.5887
 4148305.56255
 4148305.53638
 4148305.51041
 4148305.48445
 4148305.48445
 4148305.45859
 4148305.43268
 4148305.40676
 4148305.38084
 4148305.3552
 4148305.32977
 4148305.3045
 4148305.27918
 4148305.25381
 4148305.22848
 4148305.20327
 4148305.17834
 4148305.15351
 4148305.12866
 4148305.10405
 4148305.07911
 4148305.05452
 4148305.02985
 4148305.00532
 4148304.98092
 4148304.95648
 4148304.93228
 4148304.90795
 4148304.88368
 4148304.85957
 4148304.83533
 4148304.81173
 4148304.78796
 4148304.76423
 4148304.7407
 4148304.71695
 4148304.69324
 4148304.66963
 4148304.64577
 4148304.62227
 4148304.59857
 4148304.57503
 4148304.55154
 4148304.52817
 4148304.50472
 4148304.48154
 4148304.45821
 4148304.43523
 4148304.41229
 4148304.38936
 4148304.36637
 4148304.34348
 4148304.32062
 4148304.2977
 4148304.27482
 4148304.27482
 4148304.2522
 4148304.22974
 4148304.20768
 4148304.18544
 4148304.16334
 4148304.14103
 4148304.1191
 4148304.09685
 4148304.07508
 4148304.05322
 4148304.03131
 4148304.00929
 4148303.98732
 4148303.96528
 4148303.9436
 4148303.92188
 4148303.90049
 4148303.87889
 4148303.85733
 4148303.83549
 4148303.81387
 4148303.79214
 4148303.77075
 4148303.74916
 4148303.72797
 4148303.70647
 4148303.68514
 4148303.66335
 4148303.64184
 4148303.62009
 4148303.59853
 4148303.57679
 4148303.55519
 4148303.53327
 4148303.51149
 4148303.48949
 4148303.46758
 4148303.44566
 4148303.42413
 4148303.4026
 4148303.38091
 4148303.35904
 4148303.33737
 4148303.31534
 4148303.2938
 4148303.27199
 4148303.25041
 4148303.22876
 4148303.20722
 4148303.18547
 4148303.18547
 4148303.16404
 4148303.14205
 4148303.12072
 4148303.09913
 4148303.07795
 4148303.0565
 4148303.03534
 4148303.01373
 4148302.99241
 4148302.97062
 4148302.94934
 4148302.92754
 4148302.90619
 4148302.88442
 4148302.86301
 4148302.84107
 4148302.81971
 4148302.79783
 4148302.77626
 4148302.75443
 4148302.73265
 4148302.71098
 4148302.68955
 4148302.66782
 4148302.64647
 4148302.62461
 4148302.60293
 4148302.58089
 4148302.55905
 4148302.53706
 4148302.5153
 4148302.49319
 4148302.47142
 4148302.44905
 4148302.42713
 4148302.40477
 4148302.38268
 4148302.36036
 4148302.33841
 4148302.31574
 4148302.29354
 4148302.27119
 4148302.24868
 4148302.22597
 4148302.20348
 4148302.18059
 4148302.15795
 4148302.13469
 4148302.11183
 4148302.08869
 4148302.08869
 4148302.0657
 4148302.04344
 4148302.02297
 4148302.00104
 4148301.98013
 4148301.95792
 4148301.93673
 4148301.91448
 4148301.89318
 4148301.87111
 4148301.84961
 4148301.82682
 4148301.80516
 4148301.78224
 4148301.76066
 4148301.73817
 4148301.71616
 4148301.69271
 4148301.66992
 4148301.64625
 4148301.62366
 4148301.60008
 4148301.57743
 4148301.55354
 4148301.53066
 4148301.50624
 4148301.48285
 4148301.45824
 4148301.43458
 4148301.40972
 4148301.38592
 4148301.36069
 4148301.33657
 4148301.31102
 4148301.28658
 4148301.2607
 4148301.2357
 4148301.20939
 4148301.18409
 4148301.15758
 4148301.132
 4148301.10534
 4148301.07949
 4148301.05253
 4148301.02631
 4148300.99859
 4148300.97227
 4148300.94452
 4148300.91786
 4148300.8899
 4148300.8899
 4148300.8628
 4148300.83418
 4148300.81609
 4148300.79396
 4148300.77556
 4148300.75316
 4148300.73467
 4148300.71206
 4148300.69313
 4148300.66998
 4148300.6502
 4148300.62632
 4148300.60606
 4148300.58162
 4148300.56098
 4148300.53602
 4148300.51478
 4148300.48919
 4148300.46729
 4148300.44101
 4148300.41857
 4148300.39184
 4148300.36902
 4148300.34192
 4148300.31851
 4148300.29085
 4148300.26676
 4148300.23832
 4148300.21375
 4148300.18504
 4148300.16008
 4148300.13085
 4148300.10535
 4148300.07553
 4148300.04942
 4148300.01922
 4148299.993
 4148299.96263
 4148299.93629
 4148299.90586
 4148299.87947
 4148299.84889
 4148299.8223
 4148299.79155
 4148299.76458
 4148299.73353
 4148299.70649
 4148299.6752
 4148299.64819
 4148299.61702
 4148299.61702
 4148299.58992
 4148299.55906
 4148299.52453
 4148299.48843
 4148299.45369
 4148299.41759
 4148299.38314
 4148299.34746
 4148299.31319
 4148299.27736
 4148299.24288
 4148299.20669
 4148299.17187
 4148299.13564
 4148299.10107
 4148299.06513
 4148299.03074
 4148298.9948
 4148298.9603
 4148298.92425
 4148298.88974
 4148298.8539
 4148298.81973
 4148298.78425
 4148298.75035
 4148298.7151
 4148298.68126
 4148298.64602
 4148298.61243
 4148298.57751
 4148298.54434
 4148298.50978
 4148298.47686
 4148298.44259
 4148298.40982
 4148298.37569
 4148298.34321
 4148298.30945
 4148298.27738
 4148298.24398
 4148298.21224
 4148298.17912
 4148298.14753
 4148298.11468
 4148298.08346
 4148298.05106
 4148298.02037
 4148297.98834
 4148297.958
 4148297.92628
 4148297.92628
 4148297.89605
 4148297.86469
 4148297.83218
 4148297.79942
 4148297.76731
 4148297.73483
 4148297.7032
 4148297.67104
 4148297.63956
 4148297.608
 4148297.57708
 4148297.54619
 4148297.51606
 4148297.48561
 4148297.45589
 4148297.42582
 4148297.39639
 4148297.36676
 4148297.33804
 4148297.30917
 4148297.28122
 4148297.2531
 4148297.22573
 4148297.19806
 4148297.17141
 4148297.14471
 4148297.11899
 4148297.09315
 4148297.06821
 4148297.04303
 4148297.01865
 4148296.99395
 4148296.96994
 4148296.94578
 4148296.92252
 4148296.8991
 4148296.87662
 4148296.8539
 4148296.83185
 4148296.80949
 4148296.78791
 4148296.76618
 4148296.74546
 4148296.72468
 4148296.70484
 4148296.68471
 4148296.66519
 4148296.64518
 4148296.62577
 4148296.60595
 4148296.60595
 4148296.58678
 4148296.56745
 4148296.54941
 4148296.53078
 4148296.51303
 4148296.49473
 4148296.47724
 4148296.45909
 4148296.44193
 4148296.42427
 4148296.40753
 4148296.39027
 4148296.3739
 4148296.35691
 4148296.34072
 4148296.32398
 4148296.30811
 4148296.29167
 4148296.27626
 4148296.26037
 4148296.24542
 4148296.22999
 4148296.21551
 4148296.2006
 4148296.18665
 4148296.17222
 4148296.1587
 4148296.14471
 4148296.1316
 4148296.11802
 4148296.10538
 4148296.09225
 4148296.08002
 4148296.06731
 4148296.05547
 4148296.04311
 4148296.03173
 4148296.0199
 4148296.00902
 4148295.99764
 4148295.98716
 4148295.97614
 4148295.96602
 4148295.95543
 4148295.94587
 4148295.93591
 4148295.92699
 4148295.91769
 4148295.90939
 4148295.90063
 4148295.90063
 4148295.89283
 4148295.88466
 4148295.87653
 4148295.86831
 4148295.86083
 4148295.85329
 4148295.84645
 4148295.83954
 4148295.83328
 4148295.82693
 4148295.82124
 4148295.81546
 4148295.8104
 4148295.80526
 4148295.8008
 4148295.79635
 4148295.79259
 4148295.78882
 4148295.78579
 4148295.78274
 4148295.78044
 4148295.77812
 4148295.77654
 4148295.77493
 4148295.77401
 4148295.77304
 4148295.77277
 4148295.77246
 4148295.77291
 4148295.7733
 4148295.77416
 4148295.77482
 4148295.7759
 4148295.77658
 4148295.7777
 4148295.77842
 4148295.77949
 4148295.78012
 4148295.78098
 4148295.78135
 4148295.78202
 4148295.78208
 4148295.78243
 4148295.78231
 4148295.78247
 4148295.78226
 4148295.78248
 4148295.7823
 4148295.78255
 4148295.78242
 4148295.78242
 4148295.78268
 4148295.78263
 4148295.78253
 4148295.78223
 4148295.78219
 4148295.78192
 4148295.78184
 4148295.78152
