 -11907
 -11918
 -11926
 -11975
 -12034
 -12073
 -12038
 -12028
 -12036
 -12059
 -12021
 -12034
 -12045
 -12048
 -12070
 -12066
 -12050
 -12083
 -12065
 -12071
 -12094
 -12077
 -12086
 -12101
 -12113
 -12091
 -12079
 -12121
 -12104
 -12075
 -12083
 -12072
 -12092
 -12039
 -12035
 -12050
 -12079
 -12107
 -12099
 -12111
 -12176
 -12162
 -12194
 -12246
 -12246
 -12285
 -12302
 -12301
 -12305
 -12302
 -12367
 -12357
 -12381
 -12381
 -12425
 -12451
 -12456
 -12462
 -12495
 -12522
 -12513
 -12548
 -12483
 -12489
 -12484
 -12493
 -12498
 -12521
 -12525
 -12528
 -12532
 -12505
 -12509
 -12478
 -12480
 -12451
 -12434
 -12387
 -12385
 -12423
 -12449
 -12448
 -12486
 -12527
 -12535
 -12566
 -12598
 -12565
 -12529
 -12520
 -12505
 -12515
 -12511
 -12494
 -12438
 -12397
 -12388
 -12335
 -12330
 -12293
 -12304
 -12296
 -12302
 -12254
 -12284
 -12316
 -12304
 -12321
 -12344
 -12302
 -12131
 -11946
 -11867
 -11799
 -11744
 -11711
 -11705
 -11646
 -11661
 -11607
 -11587
 -11609
 -11599
 -11588
 -11573
 -11571
 -11571
 -11568
 -11600
 -11589
 -11557
 -11573
 -11598
 -11652
 -11664
 -11636
 -11633
 -11647
 -11658
 -11656
 -11650
 -11616
 -11626
 -11580
 -11572
 -11601
 -11669
 -11656
 -11648
 -11704
 -11697
 -11683
 -11669
 -11694
 -11715
 -11790
 -11908
 -11955
 -11941
 -12008
 -12021
 -12022
 -12026
 -12053
 -12055
 -12174
 -12140
 -12118
 -12093
 -12045
 -12046
 -12088
 -12035
 -11983
 -11987
 -12019
 -12055
 -12087
 -12084
 -12112
 -12103
 -12079
 -12082
 -12206
 -12232
 -12239
 -12236
 -12243
 -12274
 -12256
 -12246
 -12187
 -12255
 -12324
 -12340
 -12352
 -12377
 -12411
 -12429
 -12433
 -12429
 -12442
 -12472
 -12488
 -12536
 -12560
 -12588
 -12641
 -12655
 -12670
 -12663
 -12700
 -12722
 -12742
 -12828
 -12867
 -12858
 -12921
 -12913
 -12943
 -12998
 -12935
 -12982
 -13021
 -13110
 -13077
 -13109
 -13198
 -13138
 -13176
 -13200
 -13230
 -13314
 -13554
 -13642
 -13610
 -13610
 -13606
 -13686
 -13766
 -13838
 -13906
 -14004
 -14044
 -14083
 -14118
 -14144
 -14179
 -14190
 -14192
 -14213
 -14182
 -14179
 -14131
 -14104
 -14042
 -14059
 -14009
 -14133
 -14188
 -14267
 -14290
 -14235
 -14176
 -14180
 -14230
 -14181
 -14062
 -14116
 -14240
 -14342
 -14435
 -14499
 -14501
 -14353
 -14241
 -14215
 -14233
 -14314
 -14355
 -14407
 -14386
 -14250
 -14245
 -14348
 -14422
 -14411
 -14434
 -14345
 -14295
 -14240
 -14248
 -14164
 -14100
 -14065
 -14078
 -14077
 -14082
 -14074
 -14160
 -14147
 -14217
 -14139
 -14137
 -14083
 -14064
 -14084
 -14049
 -13936
 -13937
 -13932
 -13849
 -13802
 -13692
 -13625
 -13621
 -13582
 -13529
 -13446
 -13327
 -13094
 -13035
 -13053
 -13256
 -13305
 -13229
 -13291
 -13238
 -13315
 -13320
 -13415
 -13447
 -13465
 -13475
 -13483
 -13553
 -13607
 -13645
 -13627
 -13693
 -13734
 -13636
 -13628
 -13683
 -13749
 -13788
 -13800
 -13854
 -13983
 -14052
 -14163
 -14101
 -14162
 -14154
 -14166
 -14138
 -14177
 -14238
 -14282
 -14291
 -14352
 -14416
 -14506
 -14681
 -14860
 -14921
 -14918
 -14917
 -15014
 -14992
 -15001
 -14973
 -14951
 -14976
 -14967
 -14946
 -14935
 -14947
 -15000
 -15033
 -14948
 -14898
 -14914
 -14872
 -14932
 -15037
 -14928
 -14885
 -14878
 -14882
 -14874
 -14851
 -14854
 -14862
 -14890
 -14921
 -14907
 -14917
 -14892
 -14864
 -14843
 -14774
 -14800
 -14759
 -14776
 -14781
 -14801
 -14664
 -14499
 -14428
 -14414
 -14379
 -14347
 -14341
 -14277
 -14238
 -14183
 -14111
 -14113
 -14041
 -13983
 -13937
 -13905
 -13866
 -13829
 -13836
 -13851
 -13855
 -13856
 -13833
 -13866
 -13861
 -13893
 -13878
 -13853
 -13871
 -13848
 -13767
 -13811
 -13765
 -13698
 -13651
 -13585
 -13584
 -13577
 -13585
 -13505
 -13470
 -13506
 -13504
 -13505
 -13526
 -13423
 -13486
 -13493
 -13513
 -13497
 -13444
 -13392
 -13358
 -13290
 -13254
 -13076
 -13011
 -12866
 -12740
 -12669
 -12630
 -12667
 -12635
 -12528
 -12503
 -12463
 -12384
 -12277
 -12276
 -12382
 -12217
 -12220
 -12088
 -11959
 -11867
 -11741
 -11621
 -11519
 -11481
 -11321
 -11309
 -11175
 -11087
 -10968
 -10938
 -10869
 -10833
 -10783
 -10689
 -10675
 -10629
 -10519
 -10442
 -10437
 -10399
 -10315
 -10286
 -10290
 -10270
 -10193
 -10153
 -10097
 -10133
 -10161
 -10172
 -10094
 -9957
 -9880
 -9808
 -9722
 -9790
 -9863
 -9757
 -9865
 -9833
 -9840
 -9693
 -9694
 -9762
 -9696
 -9668
 -9578
 -9538
 -9498
 -9487
 -9453
 -9272
 -9153
 -8877
 -8783
 -8852
 -8951
 -8976
 -9010
 -8922
 -8670
 -8791
 -8808
 -8724
 -8633
 -8463
 -8477
 -8727
 -9140
 -9159
 -9297
 -9212
 -9120
 -8961
 -8842
 -8788
 -8899
 -8850
 -8705
 -8549
 -8370
 -8308
 -8240
 -8298
 -8417
 -8429
 -8439
 -8486
 -8503
 -8539
 -8615
 -8509
 -8448
 -8510
 -8607
 -8653
 -8719
 -8761
 -8708
 -8723
 -8772
 -8837
 -8903
 -8957
 -9019
 -9032
 -8996
 -8840
 -8636
 -8357
 -8309
 -8293
 -8250
 -8209
 -8128
 -8086
 -8133
 -8237
 -8280
 -8363
 -8490
 -8545
 -8628
 -8643
 -8630
 -8727
 -8753
 -8743
 -8820
 -8978
 -8920
 -9003
 -9053
 -9089
 -9107
 -9148
 -9232
 -9199
 -9107
 -9291
 -9690
 -9704
 -9640
 -9623
 -9618
 -9489
 -9386
 -9323
 -9341
 -9366
 -9421
 -9438
 -9492
 -9557
 -9638
 -9624
 -9593
 -9673
 -9672
 -9669
 -9714
 -9611
 -9433
 -9357
 -9241
 -9195
 -9179
 -9148
 -9060
 -8928
 -8808
 -8766
 -8866
 -8890
 -8847
 -8893
 -8943
 -9105
 -9177
 -9301
 -9284
 -9277
 -9240
 -9290
 -9294
 -9300
 -9260
 -9292
 -9256
 -9222
 -9219
 -9170
 -9164
 -9080
 -8944
 -8931
 -8972
 -9037
 -9003
 -9020
 -9076
 -9231
 -9347
 -9426
 -9539
 -9668
 -9624
 -9623
 -9632
 -9626
 -9412
 -9223
 -9243
 -9228
 -9242
 -9178
 -9138
 -9009
 -8959
 -9000
 -8982
 -9018
 -8997
 -9025
 -8964
 -8849
 -8830
 -8659
 -8510
 -8349
 -8485
 -8383
 -8456
 -8282
 -8346
 -8441
 -8336
 -8266
 -8175
 -8020
 -8015
 -8127
 -8068
 -8062
 -8104
 -8132
 -8047
 -7928
 -7853
 -7855
 -7809
 -7756
 -7768
 -7718
 -7672
 -7679
 -7646
 -7674
 -7707
 -7687
 -7670
 -7634
 -7584
 -7572
 -7596
 -7620
 -7636
 -7636
 -7650
 -7712
 -7724
 -7712
 -7727
 -7843
 -7797
 -7812
 -7769
 -7736
 -7722
 -7727
 -7752
 -7792
 -7862
 -7943
 -7987
 -8057
 -8178
 -8237
 -8393
 -8459
 -8476
 -8572
 -8641
 -8709
 -8797
 -8842
 -8850
 -8884
 -8932
 -8970
 -8950
 -8990
 -8986
 -9043
 -9067
 -9104
 -9208
 -9313
 -9376
 -9439
 -9509
 -9592
 -9584
 -9625
 -9608
 -9636
 -9677
 -9698
 -9717
 -9731
 -9803
 -9876
 -9937
 -10072
 -10184
 -10214
 -10254
 -10258
 -10292
 -10350
 -10382
 -10456
 -10508
 -10486
 -10492
 -10491
 -10501
 -10499
 -10514
 -10545
 -10582
 -10565
 -10583
 -10584
 -10617
 -10649
 -10670
 -10692
 -10738
 -10751
 -10809
 -10873
 -10917
 -10943
 -10996
 -11060
 -11128
 -11184
 -11251
 -11347
 -11422
 -11511
 -11543
 -11612
 -11613
 -11656
 -11743
 -11750
 -11755
 -11757
 -11848
 -11916
 -11972
 -12042
 -12082
 -12143
 -12204
 -12272
 -12333
 -12398
 -12481
 -12542
 -12619
 -12652
 -12721
 -12727
 -12788
 -12866
 -12862
 -12884
 -12869
 -12884
 -12893
 -12943
 -12959
 -12945
 -12941
 -12910
 -12861
 -12851
 -12891
 -12973
 -12995
 -12948
 -12987
 -13028
 -13013
 -13022
 -13011
 -13002
 -12962
 -13008
 -13059
 -13141
 -13207
 -13250
 -13286
 -13358
 -13328
 -13288
 -13280
 -13324
 -13375
 -13381
 -13540
 -13641
 -13680
 -13757
 -13793
 -13844
 -13895
 -13935
 -13896
 -13927
 -13944
 -13939
 -13938
 -13880
 -13859
 -13850
 -13794
 -13753
 -13757
 -13732
 -13753
 -13756
 -13753
 -13773
 -13801
 -13819
 -13886
 -13901
 -13951
 -13988
