 37.4457669	 -122.1654846	 -11907	 31007078
 37.4457677	 -122.1654859	 -11918	 30779152
 37.4457685	 -122.1654871	 -11926	 30876083
 37.4457694	 -122.1654883	 -11975	 31158602
 37.4457705	 -122.1654897	 -12034	 31266576
 37.4457716	 -122.1654911	 -12073	 31288730
 37.4457727	 -122.1654926	 -12038	 31209093
 37.4457737	 -122.1654944	 -12028	 30897593
 37.4457747	 -122.1654961	 -12036	 30851557
 37.4457758	 -122.1654978	 -12059	 30924225
 37.4457769	 -122.1654999	 -12021	 30688190
 37.445778	 -122.165502	 -12034	 30603408
 37.4457791	 -122.1655039	 -12045	 30748547
 37.4457804	 -122.1655058	 -12048	 30934593
 37.4457817	 -122.1655078	 -12070	 31092854
 37.4457829	 -122.1655099	 -12066	 30917589
 37.4457842	 -122.1655122	 -12050	 30814092
 37.4457855	 -122.1655144	 -12083	 30798918
 37.4457868	 -122.1655168	 -12065	 30639565
 37.4457883	 -122.1655192	 -12071	 30792099
 37.4457898	 -122.1655216	 -12094	 30772573
 37.4457912	 -122.165524	 -12077	 30759932
 37.4457926	 -122.1655263	 -12086	 30782829
 37.4457942	 -122.1655288	 -12101	 30810161
 37.4457957	 -122.1655311	 -12113	 30877624
 37.4457972	 -122.1655335	 -12091	 30894071
 37.4457988	 -122.165536	 -12079	 30847883
 37.4458003	 -122.1655383	 -12121	 30897811
 37.445802	 -122.1655409	 -12104	 30884408
 37.4458035	 -122.1655435	 -12075	 30778887
 37.4458054	 -122.165546	 -12083	 31026170
 37.445807	 -122.1655487	 -12072	 30833283
 37.4458086	 -122.1655514	 -12092	 30874657
 37.4458101	 -122.1655541	 -12039	 30750233
 37.4458116	 -122.1655568	 -12035	 30625306
 37.4458132	 -122.1655595	 -12050	 30735950
 37.4458148	 -122.1655622	 -12079	 30727404
 37.4458165	 -122.1655649	 -12107	 30802454
 37.4458182	 -122.1655675	 -12099	 30842320
 37.4458199	 -122.1655702	 -12111	 30763320
 37.4458216	 -122.165573	 -12176	 30747916
 37.4458233	 -122.1655757	 -12162	 30788367
 37.445825	 -122.1655785	 -12194	 30795047
 37.4458267	 -122.1655812	 -12246	 30849134
 37.4458285	 -122.1655839	 -12246	 30915461
 37.4458301	 -122.1655865	 -12285	 30871354
 37.4458318	 -122.1655891	 -12302	 30968649
 37.4458334	 -122.1655917	 -12301	 30786774
 37.4458349	 -122.1655943	 -12305	 30843304
 37.4458365	 -122.1655968	 -12302	 30838069
 37.4458382	 -122.1655994	 -12367	 30911087
 37.4458398	 -122.165602	 -12357	 30764385
 37.4458413	 -122.1656044	 -12381	 30826182
 37.4458429	 -122.1656068	 -12381	 30906401
 37.4458446	 -122.1656092	 -12425	 30993016
 37.4458462	 -122.1656114	 -12451	 31160096
 37.4458477	 -122.1656139	 -12456	 30852746
 37.4458492	 -122.1656161	 -12462	 31035003
 37.4458508	 -122.1656184	 -12495	 31188485
 37.4458524	 -122.1656206	 -12522	 31275253
 37.4458539	 -122.1656226	 -12513	 31304350
 37.4458554	 -122.1656247	 -12548	 31323018
 37.4458568	 -122.1656266	 -12483	 31340271
 37.445858	 -122.1656286	 -12489	 31131071
 37.4458593	 -122.1656304	 -12484	 31273486
 37.4458606	 -122.165632	 -12493	 31521012
 37.4458619	 -122.1656338	 -12498	 31460917
 37.4458632	 -122.1656353	 -12521	 31572085
 37.4458645	 -122.1656367	 -12525	 31654004
 37.4458659	 -122.1656383	 -12528	 31857008
 37.4458671	 -122.1656398	 -12532	 31670445
 37.4458685	 -122.1656413	 -12505	 31885200
 37.4458699	 -122.1656429	 -12509	 31716462
 37.4458712	 -122.1656446	 -12478	 31618555
 37.4458727	 -122.1656462	 -12480	 31729469
 37.4458744	 -122.1656476	 -12451	 32208421
 37.445876	 -122.1656489	 -12434	 32333763
 37.4458775	 -122.1656504	 -12387	 32183248
 37.445879	 -122.1656518	 -12385	 32170317
 37.4458806	 -122.1656531	 -12423	 32602343
 37.4458822	 -122.1656543	 -12449	 32682064
 37.4458837	 -122.1656552	 -12448	 33114833
 37.4458854	 -122.165656	 -12486	 33415258
 37.4458869	 -122.1656567	 -12527	 33814340
 37.4458885	 -122.1656572	 -12535	 34045714
 37.4458899	 -122.1656578	 -12566	 33942565
 37.4458912	 -122.1656586	 -12598	 33511954
 37.4458925	 -122.1656595	 -12565	 33415761
 37.4458938	 -122.1656604	 -12529	 33286228
 37.4458953	 -122.1656611	 -12520	 33919547
 37.4458968	 -122.1656615	 -12505	 34441267
 37.4458984	 -122.1656618	 -12515	 34927560
 37.4459001	 -122.1656617	 -12511	 35866301
 37.4459018	 -122.1656614	 -12494	 363121
 37.4459035	 -122.165661	 -12438	 784151
 37.4459052	 -122.1656605	 -12397	 1027227
 37.445907	 -122.1656601	 -12388	 985130
 37.4459087	 -122.1656598	 -12335	 804631
 37.4459106	 -122.1656596	 -12330	 557324
 37.4459123	 -122.1656593	 -12293	 606820
 37.4459142	 -122.1656589	 -12304	 784754
 37.445916	 -122.1656582	 -12296	 1294032
 37.4459179	 -122.1656575	 -12302	 1428639
 37.4459198	 -122.1656568	 -12254	 1609403
 37.4459218	 -122.1656559	 -12284	 1834108
 37.4459239	 -122.165655	 -12316	 2006556
 37.445926	 -122.1656541	 -12304	 2019979
 37.4459281	 -122.165653	 -12321	 2126871
 37.4459302	 -122.165652	 -12344	 2186888
 37.4459321	 -122.1656507	 -12302	 2650678
 37.4459337	 -122.1656491	 -12131	 3330761
 37.4459352	 -122.1656471	 -11946	 4094691
 37.4459368	 -122.1656452	 -11867	 4215239
 37.4459387	 -122.1656432	 -11799	 4074309
 37.4459407	 -122.1656413	 -11744	 3846406
 37.4459428	 -122.1656393	 -11711	 3644230
 37.445945	 -122.1656373	 -11705	 3632000
 37.4459472	 -122.1656352	 -11646	 3627530
 37.4459495	 -122.1656331	 -11661	 3729593
 37.4459517	 -122.1656309	 -11607	 3844207
 37.445954	 -122.1656287	 -11587	 3854161
 37.4459565	 -122.1656261	 -11609	 3982988
 37.4459589	 -122.1656237	 -11599	 3981210
 37.4459615	 -122.1656212	 -11588	 3855360
 37.4459642	 -122.1656186	 -11573	 3807194
 37.4459667	 -122.165616	 -11571	 3901059
 37.4459694	 -122.1656132	 -11571	 3927403
 37.4459722	 -122.1656103	 -11568	 3999679
 37.4459751	 -122.1656076	 -11600	 3861403
 37.445978	 -122.1656049	 -11589	 3776656
 37.4459809	 -122.1656019	 -11557	 3877641
 37.4459839	 -122.1655988	 -11573	 3934693
 37.445987	 -122.1655956	 -11598	 3943321
 37.44599	 -122.1655921	 -11652	 4093160
 37.445993	 -122.1655883	 -11664	 4283998
 37.4459961	 -122.1655849	 -11636	 4209905
 37.4459992	 -122.1655815	 -11633	 4124285
 37.4460024	 -122.1655782	 -11647	 4066473
 37.4460058	 -122.1655748	 -11658	 3986194
 37.446009	 -122.1655714	 -11656	 3960776
 37.4460122	 -122.1655676	 -11650	 4102255
 37.4460155	 -122.1655638	 -11616	 4163216
 37.446019	 -122.1655606	 -11626	 3958147
 37.4460224	 -122.1655573	 -11580	 3860748
 37.446026	 -122.1655539	 -11572	 3740191
 37.4460294	 -122.1655505	 -11601	 3850513
 37.4460324	 -122.1655468	 -11669	 4135926
 37.4460357	 -122.1655433	 -11656	 4015501
 37.446039	 -122.16554	 -11648	 3979624
 37.4460423	 -122.1655369	 -11704	 3809234
 37.4460458	 -122.1655339	 -11697	 3660444
 37.446049	 -122.1655307	 -11683	 3768746
 37.4460523	 -122.1655275	 -11669	 3813113
 37.4460557	 -122.1655244	 -11694	 3670213
 37.4460589	 -122.1655213	 -11715	 3718810
 37.4460622	 -122.1655184	 -11790	 3656560
 37.4460657	 -122.1655157	 -11908	 3417139
 37.446069	 -122.1655126	 -11955	 3539265
 37.4460719	 -122.1655093	 -11941	 3803292
 37.4460746	 -122.1655061	 -12008	 3967905
 37.4460774	 -122.1655027	 -12021	 4176327
 37.4460804	 -122.1654995	 -12022	 4041442
 37.4460836	 -122.1654963	 -12026	 3909441
 37.4460865	 -122.1654929	 -12053	 4047896
 37.4460895	 -122.1654895	 -12055	 4093555
 37.4460925	 -122.1654861	 -12174	 4082936
 37.4460958	 -122.1654828	 -12140	 3969333
 37.4460989	 -122.1654796	 -12118	 3926274
 37.4461021	 -122.1654763	 -12093	 3826785
 37.4461052	 -122.1654729	 -12045	 3831425
 37.4461083	 -122.1654696	 -12046	 3791275
 37.4461114	 -122.1654664	 -12088	 3827822
 37.4461147	 -122.1654633	 -12035	 3754181
 37.4461177	 -122.16546	 -11983	 4006204
 37.4461209	 -122.1654567	 -11987	 3908439
 37.4461239	 -122.1654535	 -12019	 3960209
 37.446127	 -122.1654505	 -12055	 3821833
 37.44613	 -122.1654475	 -12087	 3746956
 37.446133	 -122.1654444	 -12084	 3819740
 37.446136	 -122.1654413	 -12112	 3794375
 37.4461391	 -122.1654383	 -12103	 3674437
 37.4461422	 -122.1654352	 -12079	 3691329
 37.4461452	 -122.1654321	 -12082	 3798559
 37.4461483	 -122.1654296	 -12206	 3445079
 37.4461514	 -122.1654267	 -12232	 3523300
 37.4461545	 -122.1654236	 -12239	 3730542
 37.4461575	 -122.1654203	 -12236	 3847398
 37.4461606	 -122.1654173	 -12243	 3796263
 37.4461635	 -122.1654142	 -12274	 3887210
 37.4461665	 -122.1654111	 -12256	 3909669
 37.4461696	 -122.165408	 -12246	 3864133
 37.4461727	 -122.1654048	 -12187	 3811206
 37.4461756	 -122.1654022	 -12255	 3765108
 37.4461786	 -122.1653995	 -12324	 3724912
 37.4461813	 -122.165396	 -12340	 3920130
 37.4461839	 -122.165393	 -12352	 4109917
 37.4461863	 -122.1653897	 -12377	 4434085
 37.4461889	 -122.1653867	 -12411	 4414922
 37.4461912	 -122.1653835	 -12429	 4564371
 37.4461935	 -122.1653801	 -12433	 4723404
 37.4461955	 -122.1653768	 -12429	 4935545
 37.4461974	 -122.1653733	 -12442	 5261989
 37.4461993	 -122.1653699	 -12472	 5387932
 37.4462013	 -122.1653662	 -12488	 5501566
 37.446203	 -122.1653628	 -12536	 5683103
 37.4462044	 -122.1653593	 -12560	 5957206
 37.4462059	 -122.1653556	 -12588	 6087887
 37.446207	 -122.1653518	 -12641	 6511112
 37.4462081	 -122.1653481	 -12655	 6804976
 37.4462089	 -122.1653441	 -12670	 7131803
 37.4462097	 -122.1653401	 -12663	 7363651
 37.4462104	 -122.1653363	 -12700	 7703395
 37.4462108	 -122.1653324	 -12722	 8063322
 37.4462111	 -122.1653285	 -12742	 8365083
 37.4462112	 -122.1653249	 -12828	 8630558
 37.4462112	 -122.1653211	 -12867	 8849091
 37.446211	 -122.1653171	 -12858	 9121159
 37.4462107	 -122.1653135	 -12921	 9387926
 37.4462104	 -122.1653098	 -12913	 9595345
 37.44621	 -122.1653061	 -12943	 9803736
 37.4462093	 -122.1653021	 -12998	 10126887
 37.4462082	 -122.1652983	 -12935	 10528940
 37.4462071	 -122.1652946	 -12982	 10821683
 37.4462061	 -122.165291	 -13021	 10915427
 37.4462049	 -122.165287	 -13110	 11028584
 37.4462035	 -122.1652831	 -13077	 11233076
 37.4462022	 -122.1652789	 -13109	 11194002
 37.4462008	 -122.1652749	 -13198	 11322538
 37.4461989	 -122.1652709	 -13138	 11673816
 37.4461971	 -122.1652672	 -13176	 11844657
 37.4461953	 -122.1652633	 -13200	 11986834
 37.4461933	 -122.1652594	 -13230	 12091745
 37.4461909	 -122.1652565	 -13314	 12681078
 37.4461882	 -122.1652547	 -13554	 13587196
 37.4461856	 -122.165252	 -13642	 13770107
 37.4461832	 -122.1652482	 -13610	 13612910
 37.4461806	 -122.1652444	 -13610	 13384536
 37.446178	 -122.1652404	 -13606	 13209781
 37.4461761	 -122.1652355	 -13686	 12682399
 37.4461739	 -122.1652311	 -13766	 12495137
 37.4461716	 -122.1652267	 -13838	 12368940
 37.4461693	 -122.1652219	 -13906	 12276829
 37.4461669	 -122.1652174	 -14004	 12296130
 37.4461642	 -122.1652127	 -14044	 12387405
 37.4461616	 -122.165208	 -14083	 12408816
 37.446159	 -122.1652031	 -14118	 12411010
 37.446156	 -122.1651979	 -14144	 12457359
 37.4461533	 -122.1651931	 -14179	 12467107
 37.4461507	 -122.1651884	 -14190	 12434254
 37.4461478	 -122.1651832	 -14192	 12434071
 37.4461446	 -122.1651776	 -14213	 12476436
 37.4461416	 -122.1651722	 -14182	 12432749
 37.4461386	 -122.1651669	 -14179	 12459643
 37.4461356	 -122.1651612	 -14131	 12408398
 37.4461324	 -122.165156	 -14104	 12500597
 37.4461291	 -122.1651502	 -14042	 12539171
 37.4461259	 -122.1651447	 -14059	 12569120
 37.4461229	 -122.165139	 -14009	 12464258
 37.44612	 -122.1651335	 -14133	 12516775
 37.4461169	 -122.1651281	 -14188	 12606428
 37.4461139	 -122.1651225	 -14267	 12578617
 37.4461107	 -122.1651165	 -14290	 12503139
 37.4461074	 -122.1651106	 -14235	 12484319
 37.4461041	 -122.1651047	 -14176	 12476131
 37.4461004	 -122.1650994	 -14180	 12672622
 37.4460972	 -122.1650937	 -14230	 12700890
 37.4460937	 -122.1650877	 -14181	 12690942
 37.4460899	 -122.1650817	 -14062	 12737124
 37.4460863	 -122.1650757	 -14116	 12729716
 37.4460832	 -122.1650694	 -14240	 12613817
 37.4460799	 -122.1650634	 -14342	 12616301
 37.4460766	 -122.1650571	 -14435	 12577879
 37.4460732	 -122.1650508	 -14499	 12538972
 37.4460693	 -122.1650447	 -14501	 12708792
 37.4460653	 -122.1650385	 -14353	 12714480
 37.4460614	 -122.165032	 -14241	 12695237
 37.4460575	 -122.1650255	 -14215	 12685809
 37.4460538	 -122.1650194	 -14233	 12706831
 37.4460502	 -122.1650127	 -14314	 12684260
 37.4460469	 -122.1650058	 -14355	 12512633
 37.4460435	 -122.164999	 -14407	 12447049
 37.4460395	 -122.1649926	 -14386	 12584973
 37.4460355	 -122.1649863	 -14250	 12613328
 37.4460317	 -122.1649802	 -14245	 12684083
 37.446028	 -122.1649736	 -14348	 12681013
 37.446024	 -122.1649667	 -14422	 12694756
 37.4460201	 -122.1649603	 -14411	 12685896
 37.4460162	 -122.164954	 -14434	 12738569
 37.4460121	 -122.1649474	 -14345	 12709415
 37.4460082	 -122.1649411	 -14295	 12697543
 37.4460042	 -122.1649344	 -14240	 12668243
 37.4460002	 -122.1649277	 -14248	 12668214
 37.4459961	 -122.164921	 -14164	 12661547
 37.445992	 -122.1649147	 -14100	 12719977
 37.4459879	 -122.164908	 -14065	 12732893
 37.445984	 -122.164901	 -14078	 12642597
 37.4459799	 -122.1648941	 -14077	 12640686
 37.445976	 -122.1648873	 -14082	 12614954
 37.4459719	 -122.1648803	 -14074	 12603784
 37.4459679	 -122.1648736	 -14160	 12655468
 37.445964	 -122.1648666	 -14147	 12618326
 37.4459598	 -122.1648598	 -14217	 12700414
 37.4459558	 -122.1648534	 -14139	 12729833
 37.4459518	 -122.164847	 -14137	 12751127
 37.445948	 -122.1648405	 -14083	 12679683
 37.4459438	 -122.164834	 -14064	 12757436
 37.4459399	 -122.1648276	 -14084	 12786839
 37.4459358	 -122.1648204	 -14049	 12731531
 37.4459318	 -122.164814	 -13936	 12704969
 37.4459279	 -122.1648076	 -13937	 12735325
 37.4459238	 -122.1648014	 -13932	 12838264
 37.4459197	 -122.1647949	 -13849	 12821119
 37.4459157	 -122.1647885	 -13802	 12819720
 37.4459116	 -122.1647816	 -13692	 12735808
 37.4459072	 -122.1647748	 -13625	 12769499
 37.4459031	 -122.1647678	 -13621	 12741316
 37.4458993	 -122.1647609	 -13582	 12629990
 37.4458956	 -122.1647543	 -13529	 12561522
 37.4458917	 -122.1647484	 -13446	 12703987
 37.4458876	 -122.1647429	 -13327	 12889201
 37.4458828	 -122.1647371	 -13094	 13148253
 37.4458787	 -122.1647304	 -13035	 12968704
 37.4458745	 -122.1647239	 -13053	 12941422
 37.4458709	 -122.1647175	 -13256	 12869884
 37.445867	 -122.164711	 -13305	 12833505
 37.4458632	 -122.164704	 -13229	 12589973
 37.4458592	 -122.1646976	 -13291	 12715420
 37.4458549	 -122.1646905	 -13238	 12703394
 37.4458508	 -122.1646838	 -13315	 12745595
 37.4458465	 -122.1646771	 -13320	 12808111
 37.4458419	 -122.1646702	 -13415	 12946618
 37.4458375	 -122.1646634	 -13447	 12963725
 37.4458334	 -122.1646569	 -13465	 12913706
 37.4458296	 -122.1646507	 -13475	 12872054
 37.4458256	 -122.1646443	 -13483	 12863771
 37.4458216	 -122.1646378	 -13553	 12868822
 37.4458176	 -122.1646314	 -13607	 12875790
 37.4458138	 -122.1646248	 -13645	 12798447
 37.4458102	 -122.1646184	 -13627	 12720502
 37.4458069	 -122.1646126	 -13693	 12700487
 37.4458029	 -122.1646064	 -13734	 12822519
 37.4457987	 -122.1646001	 -13636	 12855581
 37.4457947	 -122.1645938	 -13628	 12850314
 37.4457907	 -122.1645872	 -13683	 12801549
 37.4457864	 -122.1645807	 -13749	 12906164
 37.4457821	 -122.1645739	 -13788	 12888732
 37.4457777	 -122.1645672	 -13800	 12910272
 37.4457736	 -122.1645605	 -13854	 12879976
 37.4457695	 -122.1645542	 -13983	 12904234
 37.4457653	 -122.1645483	 -14052	 13005765
 37.4457615	 -122.164542	 -14163	 12935870
 37.4457575	 -122.1645359	 -14101	 12901934
 37.4457532	 -122.1645296	 -14162	 12938225
 37.4457491	 -122.1645237	 -14154	 13016159
 37.4457446	 -122.1645179	 -14166	 13149043
 37.4457407	 -122.1645116	 -14138	 13064723
 37.4457366	 -122.1645056	 -14177	 13064569
 37.4457327	 -122.1644995	 -14238	 13013309
 37.4457289	 -122.1644935	 -14282	 12953622
 37.4457251	 -122.1644876	 -14291	 12938662
 37.4457212	 -122.1644816	 -14352	 12931933
 37.4457174	 -122.1644757	 -14416	 12932435
 37.4457137	 -122.1644697	 -14506	 12911861
 37.4457084	 -122.1644658	 -14681	 13515222
 37.4457029	 -122.1644618	 -14860	 14066122
 37.4456987	 -122.1644564	 -14921	 14045841
 37.445695	 -122.1644507	 -14918	 13833517
 37.4456909	 -122.1644454	 -14917	 13663135
 37.445687	 -122.1644396	 -15014	 13467469
 37.4456831	 -122.1644341	 -14992	 13385231
 37.4456798	 -122.1644282	 -15001	 13180342
 37.4456769	 -122.164422	 -14973	 12906641
 37.4456738	 -122.1644164	 -14951	 12798169
 37.4456704	 -122.1644107	 -14976	 12786856
 37.4456667	 -122.1644053	 -14967	 12964501
 37.4456634	 -122.1643998	 -14946	 12938004
 37.4456597	 -122.1643947	 -14935	 13053950
 37.445656	 -122.1643898	 -14947	 13231554
 37.4456519	 -122.1643853	 -15000	 13503712
 37.445648	 -122.1643809	 -15033	 13701698
 37.4456449	 -122.1643758	 -14948	 13400464
 37.4456418	 -122.1643708	 -14898	 13194382
 37.445639	 -122.1643657	 -14914	 12983324
 37.445636	 -122.1643611	 -14872	 13007896
 37.4456329	 -122.1643566	 -14932	 13103639
 37.44563	 -122.1643522	 -15037	 13164027
 37.4456273	 -122.1643478	 -14928	 13105494
 37.4456245	 -122.1643435	 -14885	 13041565
 37.4456218	 -122.164339	 -14878	 12934316
 37.4456192	 -122.1643345	 -14882	 12794604
 37.4456166	 -122.1643302	 -14874	 12706305
 37.4456146	 -122.1643254	 -14851	 12389522
 37.4456125	 -122.1643207	 -14854	 12196045
 37.4456103	 -122.1643164	 -14862	 12123255
 37.4456081	 -122.1643122	 -14890	 12144666
 37.4456061	 -122.1643079	 -14921	 12131229
 37.4456044	 -122.1643038	 -14907	 12014023
 37.4456023	 -122.1643005	 -14917	 12174958
 37.4456	 -122.164298	 -14892	 12524611
 37.4455975	 -122.1642957	 -14864	 13052679
 37.4455954	 -122.164293	 -14843	 13270383
 37.4455932	 -122.1642905	 -14774	 13419647
 37.4455913	 -122.1642876	 -14800	 13413207
 37.4455894	 -122.1642848	 -14759	 13280459
 37.4455878	 -122.1642818	 -14776	 13068167
 37.4455863	 -122.1642789	 -14781	 12843536
 37.445585	 -122.164276	 -14801	 12657597
 37.4455829	 -122.1642743	 -14664	 12968154
 37.4455808	 -122.1642729	 -14499	 13587398
 37.4455788	 -122.1642712	 -14428	 14089500
 37.4455773	 -122.1642686	 -14414	 14017287
 37.4455761	 -122.1642657	 -14379	 13616248
 37.4455749	 -122.1642629	 -14347	 13225634
 37.4455738	 -122.16426	 -14341	 12800791
 37.4455726	 -122.1642575	 -14277	 12580733
 37.4455715	 -122.164255	 -14238	 12478478
 37.4455703	 -122.1642524	 -14183	 12372012
 37.4455694	 -122.1642495	 -14111	 11983291
 37.4455685	 -122.1642468	 -14113	 11816924
 37.4455672	 -122.1642446	 -14041	 12043634
 37.445566	 -122.1642423	 -13983	 12188475
 37.4455649	 -122.1642401	 -13937	 12298721
 37.4455637	 -122.1642379	 -13905	 12445014
 37.445562	 -122.1642362	 -13866	 13018679
 37.4455601	 -122.1642348	 -13829	 13693070
 37.4455587	 -122.1642329	 -13836	 13739521
 37.4455574	 -122.1642312	 -13851	 13789642
 37.4455558	 -122.1642296	 -13855	 13974452
 37.4455543	 -122.1642281	 -13856	 14186965
 37.4455528	 -122.1642266	 -13833	 14311614
 37.4455511	 -122.1642253	 -13866	 14608078
 37.4455493	 -122.1642245	 -13861	 15213707
 37.4455477	 -122.1642233	 -13893	 15282925
 37.445546	 -122.1642221	 -13878	 15304738
 37.4455441	 -122.1642213	 -13853	 15611358
 37.4455425	 -122.1642201	 -13871	 15493684
 37.4455408	 -122.1642191	 -13848	 15535349
 37.4455392	 -122.164218	 -13767	 15573562
 37.4455376	 -122.1642169	 -13811	 15617207
 37.4455359	 -122.1642158	 -13765	 15616068
 37.4455339	 -122.1642149	 -13698	 15867850
 37.445532	 -122.1642138	 -13651	 15954890
 37.4455299	 -122.1642131	 -13585	 16188845
 37.4455277	 -122.1642123	 -13584	 16221830
 37.4455257	 -122.1642115	 -13577	 16245889
 37.4455236	 -122.164211	 -13585	 16524919
 37.4455215	 -122.1642103	 -13505	 16645287
 37.4455194	 -122.1642099	 -13470	 16916588
 37.4455169	 -122.1642097	 -13506	 17132293
 37.4455146	 -122.1642095	 -13504	 17361073
 37.4455126	 -122.1642098	 -13505	 17835868
 37.4455104	 -122.1642102	 -13526	 18219383
 37.4455082	 -122.1642102	 -13423	 18397000
 37.4455058	 -122.1642105	 -13486	 18408686
 37.4455035	 -122.1642108	 -13493	 18474819
 37.4455009	 -122.1642114	 -13513	 18748257
 37.4454985	 -122.1642114	 -13497	 18606601
 37.445496	 -122.1642114	 -13444	 18484434
 37.4454931	 -122.1642123	 -13392	 18897205
 37.4454903	 -122.1642132	 -13358	 19345092
 37.4454877	 -122.1642141	 -13290	 19601625
 37.4454851	 -122.1642152	 -13254	 19843866
 37.4454824	 -122.1642156	 -13076	 19688329
 37.4454794	 -122.1642168	 -13011	 19803278
 37.4454765	 -122.1642178	 -12866	 19917617
 37.4454738	 -122.1642189	 -12740	 20044350
 37.4454708	 -122.1642209	 -12669	 20493753
 37.4454677	 -122.1642233	 -12630	 20899159
 37.4454644	 -122.1642255	 -12667	 20872131
 37.4454611	 -122.1642277	 -12635	 20916467
 37.4454579	 -122.16423	 -12528	 21057882
 37.4454545	 -122.1642322	 -12503	 21048466
 37.4454511	 -122.1642344	 -12463	 21067097
 37.4454472	 -122.1642367	 -12384	 21024774
 37.4454433	 -122.1642392	 -12277	 21097954
 37.4454394	 -122.1642422	 -12276	 21195730
 37.4454358	 -122.1642452	 -12382	 21283476
 37.445432	 -122.1642477	 -12217	 21308995
 37.4454279	 -122.1642511	 -12220	 21329078
 37.4454237	 -122.1642542	 -12088	 21492401
 37.4454197	 -122.1642574	 -11959	 21483587
 37.4454156	 -122.1642605	 -11867	 21443547
 37.4454115	 -122.1642639	 -11741	 21549946
 37.445407	 -122.1642676	 -11621	 21565839
 37.4454025	 -122.1642715	 -11519	 21595823
 37.4453982	 -122.1642753	 -11481	 21686051
 37.4453937	 -122.164279	 -11321	 21618879
 37.4453891	 -122.1642831	 -11309	 21607070
 37.4453843	 -122.1642871	 -11175	 21614150
 37.4453797	 -122.1642912	 -11087	 21658877
 37.445375	 -122.1642949	 -10968	 21637455
 37.4453703	 -122.1642991	 -10938	 21686382
 37.4453654	 -122.1643034	 -10869	 21679314
 37.4453605	 -122.1643076	 -10833	 21629242
 37.4453558	 -122.1643119	 -10783	 21726090
 37.4453509	 -122.1643163	 -10689	 21713121
 37.445346	 -122.1643208	 -10675	 21690141
 37.4453409	 -122.1643261	 -10629	 21729730
 37.4453361	 -122.1643305	 -10519	 21768067
 37.4453313	 -122.1643352	 -10442	 21810187
 37.4453265	 -122.1643399	 -10437	 21763186
 37.4453216	 -122.1643446	 -10399	 21701391
 37.4453166	 -122.1643492	 -10315	 21671177
 37.4453116	 -122.1643538	 -10286	 21707094
 37.4453067	 -122.1643585	 -10290	 21751076
 37.4453016	 -122.1643631	 -10270	 21698717
 37.4452966	 -122.1643679	 -10193	 21774733
 37.4452916	 -122.1643728	 -10153	 21778875
 37.4452866	 -122.1643773	 -10097	 21732744
 37.4452815	 -122.164382	 -10133	 21703171
 37.4452764	 -122.1643869	 -10161	 21775110
 37.4452713	 -122.1643919	 -10172	 21805434
 37.4452663	 -122.1643968	 -10094	 21782906
 37.4452611	 -122.1644014	 -9957	 21738826
 37.445256	 -122.1644065	 -9880	 21785082
 37.4452509	 -122.1644115	 -9808	 21760674
 37.4452459	 -122.1644167	 -9722	 21789254
 37.4452408	 -122.1644222	 -9790	 21780789
 37.4452355	 -122.1644275	 -9863	 21768077
 37.4452304	 -122.1644326	 -9757	 21824260
 37.4452249	 -122.1644382	 -9865	 21798390
 37.4452198	 -122.1644432	 -9833	 21827066
 37.4452146	 -122.1644481	 -9840	 21754726
 37.4452095	 -122.1644526	 -9693	 21699321
 37.4452045	 -122.1644575	 -9694	 21748206
 37.4451994	 -122.1644624	 -9762	 21692872
 37.4451944	 -122.1644673	 -9696	 21750347
 37.4451894	 -122.1644723	 -9668	 21759394
 37.4451845	 -122.1644771	 -9578	 21855806
 37.4451795	 -122.1644821	 -9538	 21857107
 37.4451745	 -122.164487	 -9498	 21882687
 37.4451696	 -122.1644917	 -9487	 21844066
 37.4451644	 -122.1644963	 -9453	 21729799
 37.4451596	 -122.1645	 -9272	 21589911
 37.4451547	 -122.1645043	 -9153	 21626972
 37.4451494	 -122.1645092	 -8877	 21688551
 37.4451442	 -122.1645144	 -8783	 21785256
 37.4451396	 -122.1645189	 -8852	 21822870
 37.4451355	 -122.1645229	 -8951	 21740149
 37.4451314	 -122.1645268	 -8976	 21666502
 37.4451274	 -122.1645309	 -9010	 21761797
 37.4451228	 -122.1645351	 -8922	 21768449
 37.4451178	 -122.1645395	 -8670	 21789626
 37.4451132	 -122.1645438	 -8791	 21718838
 37.4451089	 -122.1645482	 -8808	 21778737
 37.4451042	 -122.1645525	 -8724	 21774784
 37.4450994	 -122.1645569	 -8633	 21766389
 37.4450949	 -122.1645615	 -8463	 21856391
 37.4450902	 -122.1645663	 -8477	 21827481
 37.4450858	 -122.1645711	 -8727	 21815567
 37.4450817	 -122.1645758	 -9140	 21782188
 37.4450772	 -122.1645801	 -9159	 21792835
 37.4450731	 -122.1645845	 -9297	 21807943
 37.445069	 -122.1645886	 -9212	 21854506
 37.4450648	 -122.1645927	 -9120	 21828573
 37.4450607	 -122.1645968	 -8961	 21862697
 37.4450566	 -122.1646008	 -8842	 21910262
 37.4450526	 -122.1646048	 -8788	 21959771
 37.4450488	 -122.1646086	 -8899	 22007611
 37.4450452	 -122.1646124	 -8850	 22068647
 37.4450414	 -122.1646163	 -8705	 22080192
 37.4450379	 -122.16462	 -8549	 22111106
 37.4450344	 -122.1646238	 -8370	 22179874
 37.4450312	 -122.1646275	 -8308	 22244560
 37.4450282	 -122.1646311	 -8240	 22288458
 37.4450252	 -122.1646345	 -8298	 22399657
 37.4450224	 -122.164638	 -8417	 22523429
 37.4450196	 -122.1646412	 -8429	 22534410
 37.4450168	 -122.1646447	 -8439	 22738405
 37.4450139	 -122.1646483	 -8486	 22824615
 37.4450114	 -122.164652	 -8503	 23019251
 37.4450091	 -122.1646557	 -8539	 23206193
 37.4450069	 -122.1646594	 -8615	 23424016
 37.4450046	 -122.1646634	 -8509	 23600238
 37.4450024	 -122.1646675	 -8448	 23721619
 37.4450004	 -122.1646713	 -8510	 23854367
 37.4449985	 -122.1646753	 -8607	 24017631
 37.4449968	 -122.1646793	 -8653	 24187697
 37.4449952	 -122.1646834	 -8719	 24408001
 37.4449938	 -122.1646874	 -8761	 24678935
 37.4449924	 -122.1646914	 -8708	 24822134
 37.4449912	 -122.1646958	 -8723	 25135315
 37.4449902	 -122.1647001	 -8772	 25307815
 37.4449892	 -122.1647044	 -8837	 25493061
 37.4449883	 -122.1647085	 -8903	 25584135
 37.4449877	 -122.1647127	 -8957	 25937447
 37.4449874	 -122.1647167	 -9019	 26158723
 37.4449869	 -122.1647207	 -9032	 26320178
 37.4449863	 -122.164725	 -8996	 26368194
 37.4449855	 -122.1647293	 -8840	 26224126
 37.4449846	 -122.1647338	 -8636	 26099839
 37.4449833	 -122.1647387	 -8357	 25966989
 37.4449831	 -122.1647431	 -8309	 26365232
 37.4449832	 -122.1647473	 -8293	 26847507
 37.4449832	 -122.1647515	 -8250	 27089700
 37.4449833	 -122.1647557	 -8209	 27264118
 37.4449835	 -122.1647598	 -8128	 27462978
 37.4449839	 -122.1647641	 -8086	 27616026
 37.4449846	 -122.1647684	 -8133	 27937788
 37.4449856	 -122.1647724	 -8237	 28188904
 37.4449867	 -122.1647763	 -8280	 28585361
 37.4449879	 -122.1647804	 -8363	 28875100
 37.4449891	 -122.1647844	 -8490	 28904541
 37.4449905	 -122.1647886	 -8545	 29059567
 37.4449919	 -122.1647928	 -8628	 29176803
 37.4449933	 -122.1647973	 -8643	 29211552
 37.4449947	 -122.1648016	 -8630	 29207378
 37.4449961	 -122.1648059	 -8727	 29242458
 37.4449976	 -122.1648101	 -8753	 29376619
 37.444999	 -122.1648146	 -8743	 29356566
 37.4450004	 -122.1648191	 -8820	 29228494
 37.4450017	 -122.1648238	 -8978	 29191343
 37.4450034	 -122.1648282	 -8920	 29533886
 37.4450055	 -122.1648332	 -9003	 29731953
 37.4450077	 -122.164838	 -9053	 29916081
 37.4450098	 -122.1648429	 -9089	 30002090
 37.4450122	 -122.1648479	 -9107	 30091461
 37.4450147	 -122.1648528	 -9148	 30177139
 37.4450173	 -122.1648578	 -9232	 30286195
 37.4450198	 -122.1648625	 -9199	 30365114
 37.4450225	 -122.1648671	 -9107	 30595682
 37.445025	 -122.1648714	 -9291	 30563996
 37.4450274	 -122.1648755	 -9690	 30531467
 37.4450301	 -122.1648805	 -9704	 30449707
 37.4450329	 -122.1648857	 -9640	 30480577
 37.4450359	 -122.164891	 -9623	 30567484
 37.4450388	 -122.1648962	 -9618	 30679652
 37.4450417	 -122.1649014	 -9489	 30776510
 37.4450448	 -122.164907	 -9386	 30822472
 37.4450479	 -122.1649123	 -9323	 30865871
 37.4450513	 -122.1649178	 -9341	 30837340
 37.4450548	 -122.1649233	 -9366	 30914313
 37.4450583	 -122.1649289	 -9421	 30903213
 37.4450617	 -122.1649344	 -9438	 30931514
 37.4450654	 -122.1649397	 -9492	 31006239
 37.445069	 -122.1649452	 -9557	 31015460
 37.4450729	 -122.1649507	 -9638	 31062455
 37.4450764	 -122.1649564	 -9624	 30939391
 37.4450801	 -122.1649622	 -9593	 30929957
 37.445084	 -122.1649678	 -9673	 31009206
 37.4450877	 -122.1649736	 -9672	 30918706
 37.4450914	 -122.1649795	 -9669	 30929528
 37.4450952	 -122.1649855	 -9714	 30884099
 37.4450987	 -122.1649914	 -9611	 30863991
 37.4451021	 -122.1649973	 -9433	 30796714
 37.4451059	 -122.165003	 -9357	 30946156
 37.4451094	 -122.1650091	 -9241	 30815316
 37.4451132	 -122.1650147	 -9195	 30911062
 37.445117	 -122.1650206	 -9179	 30959532
 37.4451208	 -122.1650265	 -9148	 30914652
 37.4451245	 -122.1650328	 -9060	 30833985
 37.4451282	 -122.1650388	 -8928	 30856811
 37.4451318	 -122.1650452	 -8808	 30724010
 37.4451356	 -122.1650515	 -8766	 30722396
 37.4451395	 -122.1650578	 -8866	 30710418
 37.4451435	 -122.165064	 -8890	 30801626
 37.4451475	 -122.1650702	 -8847	 30827977
 37.4451514	 -122.1650768	 -8893	 30773786
 37.4451551	 -122.1650835	 -8943	 30594073
 37.4451587	 -122.1650908	 -9105	 30320994
 37.4451625	 -122.1650977	 -9177	 30342184
 37.4451667	 -122.1651035	 -9301	 30672270
 37.4451708	 -122.1651094	 -9284	 30904819
 37.4451749	 -122.1651154	 -9277	 30971905
 37.4451789	 -122.1651216	 -9240	 30892962
 37.445183	 -122.1651275	 -9290	 30932178
 37.4451871	 -122.1651339	 -9294	 30929995
 37.4451915	 -122.1651398	 -9300	 31076284
 37.4451954	 -122.1651463	 -9260	 30836501
 37.4451988	 -122.1651529	 -9292	 30515479
 37.4452025	 -122.1651594	 -9256	 30476318
 37.445206	 -122.165166	 -9222	 30373731
 37.4452098	 -122.1651726	 -9219	 30348913
 37.4452134	 -122.1651791	 -9170	 30378152
 37.4452175	 -122.1651853	 -9164	 30579224
 37.4452212	 -122.1651916	 -9080	 30613550
 37.4452244	 -122.1651982	 -8944	 30458535
 37.445228	 -122.1652043	 -8931	 30467578
 37.445232	 -122.1652108	 -8972	 30522670
 37.4452359	 -122.1652175	 -9037	 30519157
 37.4452396	 -122.1652241	 -9003	 30535459
 37.4452434	 -122.1652306	 -9020	 30556419
 37.4452472	 -122.1652371	 -9076	 30615738
 37.4452513	 -122.1652437	 -9231	 30623921
 37.4452553	 -122.1652499	 -9347	 30668653
 37.4452593	 -122.165256	 -9426	 30678142
 37.445263	 -122.1652621	 -9539	 30618541
 37.445267	 -122.1652684	 -9668	 30617864
 37.4452707	 -122.1652748	 -9624	 30575902
 37.4452747	 -122.1652812	 -9623	 30651966
 37.4452786	 -122.1652877	 -9632	 30638171
 37.4452825	 -122.1652942	 -9626	 30602425
 37.4452858	 -122.165301	 -9412	 30423280
 37.4452893	 -122.1653076	 -9223	 30440276
 37.4452931	 -122.1653141	 -9243	 30509583
 37.4452972	 -122.1653204	 -9228	 30676890
 37.4453012	 -122.1653268	 -9242	 30750159
 37.4453048	 -122.1653335	 -9178	 30602701
 37.4453087	 -122.1653402	 -9138	 30607239
 37.4453126	 -122.165347	 -9009	 30616386
 37.4453166	 -122.1653537	 -8959	 30613334
 37.4453206	 -122.16536	 -9000	 30637155
 37.4453246	 -122.1653665	 -8982	 30681573
 37.4453286	 -122.1653732	 -9018	 30634371
 37.4453326	 -122.1653796	 -8997	 30661848
 37.4453366	 -122.1653861	 -9025	 30638611
 37.4453406	 -122.1653924	 -8964	 30694001
 37.4453447	 -122.1653989	 -8849	 30754069
 37.445349	 -122.1654056	 -8830	 30753910
 37.445353	 -122.1654121	 -8659	 30839443
 37.4453569	 -122.1654189	 -8510	 30893000
 37.4453609	 -122.1654257	 -8349	 30976921
 37.4453652	 -122.1654324	 -8485	 31038541
 37.4453691	 -122.1654393	 -8383	 30968329
 37.4453731	 -122.1654462	 -8456	 30772360
 37.4453771	 -122.1654534	 -8282	 30773499
 37.4453813	 -122.1654601	 -8346	 30800375
 37.4453852	 -122.1654668	 -8441	 30703667
 37.4453889	 -122.1654738	 -8336	 30629686
 37.4453926	 -122.1654809	 -8266	 30554108
 37.4453961	 -122.1654884	 -8175	 30400705
 37.4453997	 -122.1654954	 -8020	 30468813
 37.4454036	 -122.1655024	 -8015	 30574115
 37.4454077	 -122.1655089	 -8127	 30727488
 37.4454117	 -122.1655157	 -8068	 30792812
 37.4454158	 -122.1655228	 -8062	 30793249
 37.4454201	 -122.1655302	 -8104	 30682094
 37.4454243	 -122.165538	 -8132	 30515525
 37.4454281	 -122.1655454	 -8047	 30569345
 37.445432	 -122.1655524	 -7928	 30672117
 37.4454359	 -122.1655591	 -7853	 30728420
 37.44544	 -122.1655657	 -7855	 30779237
 37.445444	 -122.1655723	 -7809	 30797583
 37.4454481	 -122.1655789	 -7756	 30841594
 37.4454523	 -122.1655852	 -7768	 30864363
 37.4454564	 -122.1655917	 -7718	 30909759
 37.4454603	 -122.1655982	 -7672	 30841531
 37.4454642	 -122.1656048	 -7679	 30792023
 37.4454682	 -122.1656111	 -7646	 30866985
 37.4454725	 -122.1656174	 -7674	 30914289
 37.4454767	 -122.1656237	 -7707	 30936470
 37.4454808	 -122.1656299	 -7687	 30940869
 37.4454849	 -122.1656361	 -7670	 30929293
 37.445489	 -122.1656422	 -7634	 30952748
 37.4454933	 -122.1656483	 -7584	 31013916
 37.4454974	 -122.1656544	 -7572	 30967162
 37.4455013	 -122.1656607	 -7596	 30892186
 37.4455054	 -122.1656667	 -7620	 30971763
 37.4455095	 -122.1656727	 -7636	 30989579
 37.4455134	 -122.1656788	 -7636	 30958248
 37.4455174	 -122.1656849	 -7650	 30912032
 37.4455216	 -122.1656909	 -7712	 30960966
 37.4455257	 -122.1656967	 -7724	 31010195
 37.4455296	 -122.1657025	 -7712	 30954313
 37.4455335	 -122.1657082	 -7727	 30940047
 37.4455373	 -122.1657141	 -7843	 30867499
 37.4455408	 -122.1657201	 -7797	 30775718
 37.4455443	 -122.1657258	 -7812	 30781701
 37.4455478	 -122.1657314	 -7769	 30802421
 37.4455513	 -122.165737	 -7736	 30798517
 37.4455547	 -122.1657425	 -7722	 30818177
 37.4455582	 -122.1657481	 -7727	 30783042
 37.4455616	 -122.1657537	 -7752	 30771704
 37.4455651	 -122.1657592	 -7792	 30755861
 37.4455688	 -122.1657645	 -7862	 30894574
 37.4455723	 -122.1657697	 -7943	 30917706
 37.4455758	 -122.1657749	 -7987	 30980949
 37.4455793	 -122.1657799	 -8057	 30973493
 37.4455828	 -122.1657847	 -8178	 31008187
 37.4455862	 -122.1657894	 -8237	 31063717
 37.4455897	 -122.1657939	 -8393	 31118713
 37.4455931	 -122.1657984	 -8459	 31104127
 37.4455965	 -122.1658029	 -8476	 31105703
 37.4455997	 -122.1658073	 -8572	 31047988
 37.4456028	 -122.1658118	 -8641	 30975244
 37.445606	 -122.165816	 -8709	 31112919
 37.4456091	 -122.1658201	 -8797	 31206749
 37.4456121	 -122.1658241	 -8842	 31319600
 37.4456151	 -122.1658279	 -8850	 31403202
 37.445618	 -122.1658314	 -8884	 31524798
 37.445621	 -122.1658346	 -8932	 31664568
 37.4456239	 -122.1658378	 -8970	 31835755
 37.4456269	 -122.1658408	 -8950	 32015433
 37.4456297	 -122.1658437	 -8990	 32086054
 37.4456326	 -122.1658464	 -8986	 32272436
 37.4456356	 -122.1658487	 -9043	 32557911
 37.4456384	 -122.1658511	 -9067	 32586193
 37.4456412	 -122.1658533	 -9104	 32754555
 37.4456441	 -122.1658553	 -9208	 32962520
 37.4456469	 -122.165857	 -9313	 33210948
 37.4456494	 -122.1658588	 -9376	 33120442
 37.445652	 -122.1658604	 -9439	 33308904
 37.4456548	 -122.1658616	 -9509	 33809456
 37.4456577	 -122.1658627	 -9592	 34055099
 37.4456604	 -122.1658637	 -9584	 34329148
 37.4456632	 -122.1658645	 -9625	 34633277
 37.4456661	 -122.1658652	 -9608	 34899679
 37.4456691	 -122.1658656	 -9636	 35155421
 37.4456721	 -122.1658659	 -9677	 35530461
 37.445675	 -122.165866	 -9698	 35684233
 37.4456779	 -122.165866	 -9717	 35903600
 37.4456809	 -122.1658658	 -9731	 106445
 37.4456838	 -122.1658654	 -9803	 420526
 37.4456867	 -122.1658649	 -9876	 667799
 37.4456895	 -122.1658642	 -9937	 966622
 37.4456925	 -122.1658632	 -10072	 1223469
 37.4456955	 -122.1658623	 -10184	 1258442
 37.4456984	 -122.1658613	 -10214	 1426356
 37.4457014	 -122.1658601	 -10254	 1639052
 37.4457042	 -122.1658588	 -10258	 1929679
 37.4457069	 -122.1658574	 -10292	 2061433
 37.4457095	 -122.1658561	 -10350	 2181246
 37.4457122	 -122.1658545	 -10382	 2428583
 37.4457149	 -122.1658526	 -10456	 2701060
 37.4457176	 -122.1658508	 -10508	 2799271
 37.4457202	 -122.1658488	 -10486	 3068843
 37.445723	 -122.1658465	 -10492	 3208969
 37.4457258	 -122.1658442	 -10491	 3288177
 37.4457286	 -122.1658418	 -10501	 3403957
 37.4457313	 -122.1658392	 -10499	 3673911
 37.4457342	 -122.1658365	 -10514	 3715052
 37.4457372	 -122.1658337	 -10545	 3781719
 37.4457402	 -122.1658309	 -10582	 3737100
 37.4457433	 -122.165828	 -10565	 3684716
 37.4457464	 -122.1658252	 -10583	 3662305
 37.4457496	 -122.1658223	 -10584	 3679967
 37.4457528	 -122.1658193	 -10617	 3648710
 37.4457561	 -122.1658163	 -10649	 3644884
 37.4457594	 -122.1658132	 -10670	 3717358
 37.4457626	 -122.16581	 -10692	 3731059
 37.445766	 -122.1658068	 -10738	 3762535
 37.4457694	 -122.1658035	 -10751	 3778140
 37.4457728	 -122.1658001	 -10809	 3766646
 37.4457764	 -122.1657969	 -10873	 3703195
 37.4457799	 -122.1657936	 -10917	 3736596
 37.4457833	 -122.1657903	 -10943	 3739655
 37.4457868	 -122.1657871	 -10996	 3744806
 37.4457902	 -122.1657839	 -11060	 3732526
 37.4457937	 -122.1657807	 -11128	 3723415
 37.4457971	 -122.1657776	 -11184	 3767298
 37.4458004	 -122.1657744	 -11251	 3763480
 37.4458038	 -122.1657712	 -11347	 3743593
 37.4458072	 -122.165768	 -11422	 3752019
 37.4458107	 -122.1657647	 -11511	 3761572
 37.4458141	 -122.1657615	 -11543	 3788606
 37.4458174	 -122.1657584	 -11612	 3778204
 37.4458206	 -122.1657553	 -11613	 3774090
 37.4458239	 -122.1657521	 -11656	 3770985
 37.4458273	 -122.165749	 -11743	 3798851
 37.4458304	 -122.1657459	 -11750	 3828453
 37.4458334	 -122.1657429	 -11755	 3924208
 37.4458363	 -122.1657399	 -11757	 4021566
 37.4458391	 -122.1657369	 -11848	 4095725
 37.4458419	 -122.1657338	 -11916	 4190125
 37.4458444	 -122.165731	 -11972	 4242496
 37.4458468	 -122.1657282	 -12042	 4410582
 37.445849	 -122.1657252	 -12082	 4622978
 37.4458512	 -122.1657223	 -12143	 4858820
 37.4458531	 -122.1657194	 -12204	 5053401
 37.4458549	 -122.1657166	 -12272	 5209641
 37.4458567	 -122.1657138	 -12333	 5358103
 37.4458584	 -122.165711	 -12398	 5499222
 37.4458599	 -122.1657083	 -12481	 5658098
 37.4458614	 -122.1657055	 -12542	 5825146
 37.4458627	 -122.1657028	 -12619	 6096270
 37.4458638	 -122.1656999	 -12652	 6492619
 37.4458649	 -122.1656968	 -12721	 6722888
 37.4458658	 -122.1656938	 -12727	 7009521
 37.4458666	 -122.1656907	 -12788	 7302790
 37.4458673	 -122.1656877	 -12866	 7538964
 37.445868	 -122.1656848	 -12862	 7441668
 37.4458687	 -122.1656819	 -12884	 7447875
 37.4458694	 -122.1656791	 -12869	 7370378
 37.4458699	 -122.1656763	 -12884	 7695073
 37.4458702	 -122.1656737	 -12893	 8087445
 37.4458702	 -122.165671	 -12943	 8858968
 37.4458698	 -122.1656683	 -12959	 9524021
 37.4458693	 -122.1656657	 -12945	 9932353
 37.4458687	 -122.1656632	 -12941	 10350103
 37.4458683	 -122.1656605	 -12910	 10154151
 37.4458681	 -122.1656577	 -12861	 9807042
 37.445868	 -122.1656551	 -12851	 9595809
 37.4458677	 -122.1656523	 -12891	 9786591
 37.4458672	 -122.1656496	 -12973	 10285633
 37.4458665	 -122.1656472	 -12995	 10684779
 37.4458655	 -122.1656449	 -12948	 11373550
 37.4458645	 -122.1656426	 -12987	 11659689
 37.4458637	 -122.1656405	 -13028	 11652829
 37.445863	 -122.1656383	 -13013	 11465004
 37.4458624	 -122.1656362	 -13022	 11275405
 37.4458617	 -122.1656341	 -13011	 11236334
 37.4458611	 -122.165632	 -13002	 11262035
 37.4458603	 -122.16563	 -12962	 11435636
 37.4458596	 -122.165628	 -13008	 11545073
 37.4458588	 -122.165626	 -13059	 11769285
 37.445858	 -122.1656239	 -13141	 11803850
 37.4458572	 -122.1656217	 -13207	 11796984
 37.4458563	 -122.1656196	 -13250	 12064887
 37.4458555	 -122.1656175	 -13286	 11872176
 37.4458546	 -122.1656152	 -13358	 11899714
 37.4458537	 -122.1656129	 -13328	 11955260
 37.4458527	 -122.1656107	 -13288	 11942013
 37.4458518	 -122.1656082	 -13280	 11881505
 37.4458508	 -122.1656061	 -13324	 12270030
 37.4458496	 -122.1656039	 -13375	 12448242
 37.4458485	 -122.1656015	 -13381	 12399499
 37.4458477	 -122.1655991	 -13540	 12127031
 37.4458469	 -122.1655966	 -13641	 12002299
 37.4458458	 -122.1655943	 -13680	 12304228
 37.4458446	 -122.1655922	 -13757	 12655756
 37.4458433	 -122.1655902	 -13793	 12953163
 37.4458419	 -122.1655882	 -13844	 13131022
 37.4458407	 -122.165586	 -13895	 12875729
 37.4458394	 -122.1655838	 -13935	 12868856
 37.4458381	 -122.1655819	 -13896	 12931469
 37.4458369	 -122.1655798	 -13927	 12967501
 37.4458356	 -122.1655777	 -13944	 13059714
 37.4458343	 -122.1655756	 -13939	 12938433
 37.445833	 -122.1655736	 -13938	 12993151
 37.4458317	 -122.1655716	 -13880	 12988969
 37.4458303	 -122.1655696	 -13859	 12977910
 37.4458289	 -122.1655676	 -13850	 13118839
 37.4458276	 -122.1655657	 -13794	 13052851
 37.4458262	 -122.1655637	 -13753	 12992412
 37.445825	 -122.1655618	 -13757	 12812352
 37.4458238	 -122.1655599	 -13732	 12983160
 37.4458225	 -122.1655581	 -13753	 12941748
 37.4458215	 -122.1655561	 -13756	 12817084
 37.4458203	 -122.1655543	 -13753	 12842884
 37.4458193	 -122.1655525	 -13773	 12880924
 37.4458183	 -122.1655509	 -13801	 12843425
 37.4458174	 -122.1655493	 -13819	 12712709
 37.4458165	 -122.1655479	 -13886	 13031733
 37.4458157	 -122.1655466	 -13901	 13038715
 37.445815	 -122.1655454	 -13951	 12896353
 37.4458142	 -122.1655443	 -13988	 12927541
