 37.4457669
 37.4457677
 37.4457685
 37.4457694
 37.4457705
 37.4457716
 37.4457727
 37.4457737
 37.4457747
 37.4457758
 37.4457769
 37.445778
 37.4457791
 37.4457804
 37.4457817
 37.4457829
 37.4457842
 37.4457855
 37.4457868
 37.4457883
 37.4457898
 37.4457912
 37.4457926
 37.4457942
 37.4457957
 37.4457972
 37.4457988
 37.4458003
 37.445802
 37.4458035
 37.4458054
 37.445807
 37.4458086
 37.4458101
 37.4458116
 37.4458132
 37.4458148
 37.4458165
 37.4458182
 37.4458199
 37.4458216
 37.4458233
 37.445825
 37.4458267
 37.4458285
 37.4458301
 37.4458318
 37.4458334
 37.4458349
 37.4458365
 37.4458382
 37.4458398
 37.4458413
 37.4458429
 37.4458446
 37.4458462
 37.4458477
 37.4458492
 37.4458508
 37.4458524
 37.4458539
 37.4458554
 37.4458568
 37.445858
 37.4458593
 37.4458606
 37.4458619
 37.4458632
 37.4458645
 37.4458659
 37.4458671
 37.4458685
 37.4458699
 37.4458712
 37.4458727
 37.4458744
 37.445876
 37.4458775
 37.445879
 37.4458806
 37.4458822
 37.4458837
 37.4458854
 37.4458869
 37.4458885
 37.4458899
 37.4458912
 37.4458925
 37.4458938
 37.4458953
 37.4458968
 37.4458984
 37.4459001
 37.4459018
 37.4459035
 37.4459052
 37.445907
 37.4459087
 37.4459106
 37.4459123
 37.4459142
 37.445916
 37.4459179
 37.4459198
 37.4459218
 37.4459239
 37.445926
 37.4459281
 37.4459302
 37.4459321
 37.4459337
 37.4459352
 37.4459368
 37.4459387
 37.4459407
 37.4459428
 37.445945
 37.4459472
 37.4459495
 37.4459517
 37.445954
 37.4459565
 37.4459589
 37.4459615
 37.4459642
 37.4459667
 37.4459694
 37.4459722
 37.4459751
 37.445978
 37.4459809
 37.4459839
 37.445987
 37.44599
 37.445993
 37.4459961
 37.4459992
 37.4460024
 37.4460058
 37.446009
 37.4460122
 37.4460155
 37.446019
 37.4460224
 37.446026
 37.4460294
 37.4460324
 37.4460357
 37.446039
 37.4460423
 37.4460458
 37.446049
 37.4460523
 37.4460557
 37.4460589
 37.4460622
 37.4460657
 37.446069
 37.4460719
 37.4460746
 37.4460774
 37.4460804
 37.4460836
 37.4460865
 37.4460895
 37.4460925
 37.4460958
 37.4460989
 37.4461021
 37.4461052
 37.4461083
 37.4461114
 37.4461147
 37.4461177
 37.4461209
 37.4461239
 37.446127
 37.44613
 37.446133
 37.446136
 37.4461391
 37.4461422
 37.4461452
 37.4461483
 37.4461514
 37.4461545
 37.4461575
 37.4461606
 37.4461635
 37.4461665
 37.4461696
 37.4461727
 37.4461756
 37.4461786
 37.4461813
 37.4461839
 37.4461863
 37.4461889
 37.4461912
 37.4461935
 37.4461955
 37.4461974
 37.4461993
 37.4462013
 37.446203
 37.4462044
 37.4462059
 37.446207
 37.4462081
 37.4462089
 37.4462097
 37.4462104
 37.4462108
 37.4462111
 37.4462112
 37.4462112
 37.446211
 37.4462107
 37.4462104
 37.44621
 37.4462093
 37.4462082
 37.4462071
 37.4462061
 37.4462049
 37.4462035
 37.4462022
 37.4462008
 37.4461989
 37.4461971
 37.4461953
 37.4461933
 37.4461909
 37.4461882
 37.4461856
 37.4461832
 37.4461806
 37.446178
 37.4461761
 37.4461739
 37.4461716
 37.4461693
 37.4461669
 37.4461642
 37.4461616
 37.446159
 37.446156
 37.4461533
 37.4461507
 37.4461478
 37.4461446
 37.4461416
 37.4461386
 37.4461356
 37.4461324
 37.4461291
 37.4461259
 37.4461229
 37.44612
 37.4461169
 37.4461139
 37.4461107
 37.4461074
 37.4461041
 37.4461004
 37.4460972
 37.4460937
 37.4460899
 37.4460863
 37.4460832
 37.4460799
 37.4460766
 37.4460732
 37.4460693
 37.4460653
 37.4460614
 37.4460575
 37.4460538
 37.4460502
 37.4460469
 37.4460435
 37.4460395
 37.4460355
 37.4460317
 37.446028
 37.446024
 37.4460201
 37.4460162
 37.4460121
 37.4460082
 37.4460042
 37.4460002
 37.4459961
 37.445992
 37.4459879
 37.445984
 37.4459799
 37.445976
 37.4459719
 37.4459679
 37.445964
 37.4459598
 37.4459558
 37.4459518
 37.445948
 37.4459438
 37.4459399
 37.4459358
 37.4459318
 37.4459279
 37.4459238
 37.4459197
 37.4459157
 37.4459116
 37.4459072
 37.4459031
 37.4458993
 37.4458956
 37.4458917
 37.4458876
 37.4458828
 37.4458787
 37.4458745
 37.4458709
 37.445867
 37.4458632
 37.4458592
 37.4458549
 37.4458508
 37.4458465
 37.4458419
 37.4458375
 37.4458334
 37.4458296
 37.4458256
 37.4458216
 37.4458176
 37.4458138
 37.4458102
 37.4458069
 37.4458029
 37.4457987
 37.4457947
 37.4457907
 37.4457864
 37.4457821
 37.4457777
 37.4457736
 37.4457695
 37.4457653
 37.4457615
 37.4457575
 37.4457532
 37.4457491
 37.4457446
 37.4457407
 37.4457366
 37.4457327
 37.4457289
 37.4457251
 37.4457212
 37.4457174
 37.4457137
 37.4457084
 37.4457029
 37.4456987
 37.445695
 37.4456909
 37.445687
 37.4456831
 37.4456798
 37.4456769
 37.4456738
 37.4456704
 37.4456667
 37.4456634
 37.4456597
 37.445656
 37.4456519
 37.445648
 37.4456449
 37.4456418
 37.445639
 37.445636
 37.4456329
 37.44563
 37.4456273
 37.4456245
 37.4456218
 37.4456192
 37.4456166
 37.4456146
 37.4456125
 37.4456103
 37.4456081
 37.4456061
 37.4456044
 37.4456023
 37.4456
 37.4455975
 37.4455954
 37.4455932
 37.4455913
 37.4455894
 37.4455878
 37.4455863
 37.445585
 37.4455829
 37.4455808
 37.4455788
 37.4455773
 37.4455761
 37.4455749
 37.4455738
 37.4455726
 37.4455715
 37.4455703
 37.4455694
 37.4455685
 37.4455672
 37.445566
 37.4455649
 37.4455637
 37.445562
 37.4455601
 37.4455587
 37.4455574
 37.4455558
 37.4455543
 37.4455528
 37.4455511
 37.4455493
 37.4455477
 37.445546
 37.4455441
 37.4455425
 37.4455408
 37.4455392
 37.4455376
 37.4455359
 37.4455339
 37.445532
 37.4455299
 37.4455277
 37.4455257
 37.4455236
 37.4455215
 37.4455194
 37.4455169
 37.4455146
 37.4455126
 37.4455104
 37.4455082
 37.4455058
 37.4455035
 37.4455009
 37.4454985
 37.445496
 37.4454931
 37.4454903
 37.4454877
 37.4454851
 37.4454824
 37.4454794
 37.4454765
 37.4454738
 37.4454708
 37.4454677
 37.4454644
 37.4454611
 37.4454579
 37.4454545
 37.4454511
 37.4454472
 37.4454433
 37.4454394
 37.4454358
 37.445432
 37.4454279
 37.4454237
 37.4454197
 37.4454156
 37.4454115
 37.445407
 37.4454025
 37.4453982
 37.4453937
 37.4453891
 37.4453843
 37.4453797
 37.445375
 37.4453703
 37.4453654
 37.4453605
 37.4453558
 37.4453509
 37.445346
 37.4453409
 37.4453361
 37.4453313
 37.4453265
 37.4453216
 37.4453166
 37.4453116
 37.4453067
 37.4453016
 37.4452966
 37.4452916
 37.4452866
 37.4452815
 37.4452764
 37.4452713
 37.4452663
 37.4452611
 37.445256
 37.4452509
 37.4452459
 37.4452408
 37.4452355
 37.4452304
 37.4452249
 37.4452198
 37.4452146
 37.4452095
 37.4452045
 37.4451994
 37.4451944
 37.4451894
 37.4451845
 37.4451795
 37.4451745
 37.4451696
 37.4451644
 37.4451596
 37.4451547
 37.4451494
 37.4451442
 37.4451396
 37.4451355
 37.4451314
 37.4451274
 37.4451228
 37.4451178
 37.4451132
 37.4451089
 37.4451042
 37.4450994
 37.4450949
 37.4450902
 37.4450858
 37.4450817
 37.4450772
 37.4450731
 37.445069
 37.4450648
 37.4450607
 37.4450566
 37.4450526
 37.4450488
 37.4450452
 37.4450414
 37.4450379
 37.4450344
 37.4450312
 37.4450282
 37.4450252
 37.4450224
 37.4450196
 37.4450168
 37.4450139
 37.4450114
 37.4450091
 37.4450069
 37.4450046
 37.4450024
 37.4450004
 37.4449985
 37.4449968
 37.4449952
 37.4449938
 37.4449924
 37.4449912
 37.4449902
 37.4449892
 37.4449883
 37.4449877
 37.4449874
 37.4449869
 37.4449863
 37.4449855
 37.4449846
 37.4449833
 37.4449831
 37.4449832
 37.4449832
 37.4449833
 37.4449835
 37.4449839
 37.4449846
 37.4449856
 37.4449867
 37.4449879
 37.4449891
 37.4449905
 37.4449919
 37.4449933
 37.4449947
 37.4449961
 37.4449976
 37.444999
 37.4450004
 37.4450017
 37.4450034
 37.4450055
 37.4450077
 37.4450098
 37.4450122
 37.4450147
 37.4450173
 37.4450198
 37.4450225
 37.445025
 37.4450274
 37.4450301
 37.4450329
 37.4450359
 37.4450388
 37.4450417
 37.4450448
 37.4450479
 37.4450513
 37.4450548
 37.4450583
 37.4450617
 37.4450654
 37.445069
 37.4450729
 37.4450764
 37.4450801
 37.445084
 37.4450877
 37.4450914
 37.4450952
 37.4450987
 37.4451021
 37.4451059
 37.4451094
 37.4451132
 37.445117
 37.4451208
 37.4451245
 37.4451282
 37.4451318
 37.4451356
 37.4451395
 37.4451435
 37.4451475
 37.4451514
 37.4451551
 37.4451587
 37.4451625
 37.4451667
 37.4451708
 37.4451749
 37.4451789
 37.445183
 37.4451871
 37.4451915
 37.4451954
 37.4451988
 37.4452025
 37.445206
 37.4452098
 37.4452134
 37.4452175
 37.4452212
 37.4452244
 37.445228
 37.445232
 37.4452359
 37.4452396
 37.4452434
 37.4452472
 37.4452513
 37.4452553
 37.4452593
 37.445263
 37.445267
 37.4452707
 37.4452747
 37.4452786
 37.4452825
 37.4452858
 37.4452893
 37.4452931
 37.4452972
 37.4453012
 37.4453048
 37.4453087
 37.4453126
 37.4453166
 37.4453206
 37.4453246
 37.4453286
 37.4453326
 37.4453366
 37.4453406
 37.4453447
 37.445349
 37.445353
 37.4453569
 37.4453609
 37.4453652
 37.4453691
 37.4453731
 37.4453771
 37.4453813
 37.4453852
 37.4453889
 37.4453926
 37.4453961
 37.4453997
 37.4454036
 37.4454077
 37.4454117
 37.4454158
 37.4454201
 37.4454243
 37.4454281
 37.445432
 37.4454359
 37.44544
 37.445444
 37.4454481
 37.4454523
 37.4454564
 37.4454603
 37.4454642
 37.4454682
 37.4454725
 37.4454767
 37.4454808
 37.4454849
 37.445489
 37.4454933
 37.4454974
 37.4455013
 37.4455054
 37.4455095
 37.4455134
 37.4455174
 37.4455216
 37.4455257
 37.4455296
 37.4455335
 37.4455373
 37.4455408
 37.4455443
 37.4455478
 37.4455513
 37.4455547
 37.4455582
 37.4455616
 37.4455651
 37.4455688
 37.4455723
 37.4455758
 37.4455793
 37.4455828
 37.4455862
 37.4455897
 37.4455931
 37.4455965
 37.4455997
 37.4456028
 37.445606
 37.4456091
 37.4456121
 37.4456151
 37.445618
 37.445621
 37.4456239
 37.4456269
 37.4456297
 37.4456326
 37.4456356
 37.4456384
 37.4456412
 37.4456441
 37.4456469
 37.4456494
 37.445652
 37.4456548
 37.4456577
 37.4456604
 37.4456632
 37.4456661
 37.4456691
 37.4456721
 37.445675
 37.4456779
 37.4456809
 37.4456838
 37.4456867
 37.4456895
 37.4456925
 37.4456955
 37.4456984
 37.4457014
 37.4457042
 37.4457069
 37.4457095
 37.4457122
 37.4457149
 37.4457176
 37.4457202
 37.445723
 37.4457258
 37.4457286
 37.4457313
 37.4457342
 37.4457372
 37.4457402
 37.4457433
 37.4457464
 37.4457496
 37.4457528
 37.4457561
 37.4457594
 37.4457626
 37.445766
 37.4457694
 37.4457728
 37.4457764
 37.4457799
 37.4457833
 37.4457868
 37.4457902
 37.4457937
 37.4457971
 37.4458004
 37.4458038
 37.4458072
 37.4458107
 37.4458141
 37.4458174
 37.4458206
 37.4458239
 37.4458273
 37.4458304
 37.4458334
 37.4458363
 37.4458391
 37.4458419
 37.4458444
 37.4458468
 37.445849
 37.4458512
 37.4458531
 37.4458549
 37.4458567
 37.4458584
 37.4458599
 37.4458614
 37.4458627
 37.4458638
 37.4458649
 37.4458658
 37.4458666
 37.4458673
 37.445868
 37.4458687
 37.4458694
 37.4458699
 37.4458702
 37.4458702
 37.4458698
 37.4458693
 37.4458687
 37.4458683
 37.4458681
 37.445868
 37.4458677
 37.4458672
 37.4458665
 37.4458655
 37.4458645
 37.4458637
 37.445863
 37.4458624
 37.4458617
 37.4458611
 37.4458603
 37.4458596
 37.4458588
 37.445858
 37.4458572
 37.4458563
 37.4458555
 37.4458546
 37.4458537
 37.4458527
 37.4458518
 37.4458508
 37.4458496
 37.4458485
 37.4458477
 37.4458469
 37.4458458
 37.4458446
 37.4458433
 37.4458419
 37.4458407
 37.4458394
 37.4458381
 37.4458369
 37.4458356
 37.4458343
 37.445833
 37.4458317
 37.4458303
 37.4458289
 37.4458276
 37.4458262
 37.445825
 37.4458238
 37.4458225
 37.4458215
 37.4458203
 37.4458193
 37.4458183
 37.4458174
 37.4458165
 37.4458157
 37.445815
 37.4458142
