 -122.1654846
 -122.1654859
 -122.1654871
 -122.1654883
 -122.1654897
 -122.1654911
 -122.1654926
 -122.1654944
 -122.1654961
 -122.1654978
 -122.1654999
 -122.165502
 -122.1655039
 -122.1655058
 -122.1655078
 -122.1655099
 -122.1655122
 -122.1655144
 -122.1655168
 -122.1655192
 -122.1655216
 -122.165524
 -122.1655263
 -122.1655288
 -122.1655311
 -122.1655335
 -122.165536
 -122.1655383
 -122.1655409
 -122.1655435
 -122.165546
 -122.1655487
 -122.1655514
 -122.1655541
 -122.1655568
 -122.1655595
 -122.1655622
 -122.1655649
 -122.1655675
 -122.1655702
 -122.165573
 -122.1655757
 -122.1655785
 -122.1655812
 -122.1655839
 -122.1655865
 -122.1655891
 -122.1655917
 -122.1655943
 -122.1655968
 -122.1655994
 -122.165602
 -122.1656044
 -122.1656068
 -122.1656092
 -122.1656114
 -122.1656139
 -122.1656161
 -122.1656184
 -122.1656206
 -122.1656226
 -122.1656247
 -122.1656266
 -122.1656286
 -122.1656304
 -122.165632
 -122.1656338
 -122.1656353
 -122.1656367
 -122.1656383
 -122.1656398
 -122.1656413
 -122.1656429
 -122.1656446
 -122.1656462
 -122.1656476
 -122.1656489
 -122.1656504
 -122.1656518
 -122.1656531
 -122.1656543
 -122.1656552
 -122.165656
 -122.1656567
 -122.1656572
 -122.1656578
 -122.1656586
 -122.1656595
 -122.1656604
 -122.1656611
 -122.1656615
 -122.1656618
 -122.1656617
 -122.1656614
 -122.165661
 -122.1656605
 -122.1656601
 -122.1656598
 -122.1656596
 -122.1656593
 -122.1656589
 -122.1656582
 -122.1656575
 -122.1656568
 -122.1656559
 -122.165655
 -122.1656541
 -122.165653
 -122.165652
 -122.1656507
 -122.1656491
 -122.1656471
 -122.1656452
 -122.1656432
 -122.1656413
 -122.1656393
 -122.1656373
 -122.1656352
 -122.1656331
 -122.1656309
 -122.1656287
 -122.1656261
 -122.1656237
 -122.1656212
 -122.1656186
 -122.165616
 -122.1656132
 -122.1656103
 -122.1656076
 -122.1656049
 -122.1656019
 -122.1655988
 -122.1655956
 -122.1655921
 -122.1655883
 -122.1655849
 -122.1655815
 -122.1655782
 -122.1655748
 -122.1655714
 -122.1655676
 -122.1655638
 -122.1655606
 -122.1655573
 -122.1655539
 -122.1655505
 -122.1655468
 -122.1655433
 -122.16554
 -122.1655369
 -122.1655339
 -122.1655307
 -122.1655275
 -122.1655244
 -122.1655213
 -122.1655184
 -122.1655157
 -122.1655126
 -122.1655093
 -122.1655061
 -122.1655027
 -122.1654995
 -122.1654963
 -122.1654929
 -122.1654895
 -122.1654861
 -122.1654828
 -122.1654796
 -122.1654763
 -122.1654729
 -122.1654696
 -122.1654664
 -122.1654633
 -122.16546
 -122.1654567
 -122.1654535
 -122.1654505
 -122.1654475
 -122.1654444
 -122.1654413
 -122.1654383
 -122.1654352
 -122.1654321
 -122.1654296
 -122.1654267
 -122.1654236
 -122.1654203
 -122.1654173
 -122.1654142
 -122.1654111
 -122.165408
 -122.1654048
 -122.1654022
 -122.1653995
 -122.165396
 -122.165393
 -122.1653897
 -122.1653867
 -122.1653835
 -122.1653801
 -122.1653768
 -122.1653733
 -122.1653699
 -122.1653662
 -122.1653628
 -122.1653593
 -122.1653556
 -122.1653518
 -122.1653481
 -122.1653441
 -122.1653401
 -122.1653363
 -122.1653324
 -122.1653285
 -122.1653249
 -122.1653211
 -122.1653171
 -122.1653135
 -122.1653098
 -122.1653061
 -122.1653021
 -122.1652983
 -122.1652946
 -122.165291
 -122.165287
 -122.1652831
 -122.1652789
 -122.1652749
 -122.1652709
 -122.1652672
 -122.1652633
 -122.1652594
 -122.1652565
 -122.1652547
 -122.165252
 -122.1652482
 -122.1652444
 -122.1652404
 -122.1652355
 -122.1652311
 -122.1652267
 -122.1652219
 -122.1652174
 -122.1652127
 -122.165208
 -122.1652031
 -122.1651979
 -122.1651931
 -122.1651884
 -122.1651832
 -122.1651776
 -122.1651722
 -122.1651669
 -122.1651612
 -122.165156
 -122.1651502
 -122.1651447
 -122.165139
 -122.1651335
 -122.1651281
 -122.1651225
 -122.1651165
 -122.1651106
 -122.1651047
 -122.1650994
 -122.1650937
 -122.1650877
 -122.1650817
 -122.1650757
 -122.1650694
 -122.1650634
 -122.1650571
 -122.1650508
 -122.1650447
 -122.1650385
 -122.165032
 -122.1650255
 -122.1650194
 -122.1650127
 -122.1650058
 -122.164999
 -122.1649926
 -122.1649863
 -122.1649802
 -122.1649736
 -122.1649667
 -122.1649603
 -122.164954
 -122.1649474
 -122.1649411
 -122.1649344
 -122.1649277
 -122.164921
 -122.1649147
 -122.164908
 -122.164901
 -122.1648941
 -122.1648873
 -122.1648803
 -122.1648736
 -122.1648666
 -122.1648598
 -122.1648534
 -122.164847
 -122.1648405
 -122.164834
 -122.1648276
 -122.1648204
 -122.164814
 -122.1648076
 -122.1648014
 -122.1647949
 -122.1647885
 -122.1647816
 -122.1647748
 -122.1647678
 -122.1647609
 -122.1647543
 -122.1647484
 -122.1647429
 -122.1647371
 -122.1647304
 -122.1647239
 -122.1647175
 -122.164711
 -122.164704
 -122.1646976
 -122.1646905
 -122.1646838
 -122.1646771
 -122.1646702
 -122.1646634
 -122.1646569
 -122.1646507
 -122.1646443
 -122.1646378
 -122.1646314
 -122.1646248
 -122.1646184
 -122.1646126
 -122.1646064
 -122.1646001
 -122.1645938
 -122.1645872
 -122.1645807
 -122.1645739
 -122.1645672
 -122.1645605
 -122.1645542
 -122.1645483
 -122.164542
 -122.1645359
 -122.1645296
 -122.1645237
 -122.1645179
 -122.1645116
 -122.1645056
 -122.1644995
 -122.1644935
 -122.1644876
 -122.1644816
 -122.1644757
 -122.1644697
 -122.1644658
 -122.1644618
 -122.1644564
 -122.1644507
 -122.1644454
 -122.1644396
 -122.1644341
 -122.1644282
 -122.164422
 -122.1644164
 -122.1644107
 -122.1644053
 -122.1643998
 -122.1643947
 -122.1643898
 -122.1643853
 -122.1643809
 -122.1643758
 -122.1643708
 -122.1643657
 -122.1643611
 -122.1643566
 -122.1643522
 -122.1643478
 -122.1643435
 -122.164339
 -122.1643345
 -122.1643302
 -122.1643254
 -122.1643207
 -122.1643164
 -122.1643122
 -122.1643079
 -122.1643038
 -122.1643005
 -122.164298
 -122.1642957
 -122.164293
 -122.1642905
 -122.1642876
 -122.1642848
 -122.1642818
 -122.1642789
 -122.164276
 -122.1642743
 -122.1642729
 -122.1642712
 -122.1642686
 -122.1642657
 -122.1642629
 -122.16426
 -122.1642575
 -122.164255
 -122.1642524
 -122.1642495
 -122.1642468
 -122.1642446
 -122.1642423
 -122.1642401
 -122.1642379
 -122.1642362
 -122.1642348
 -122.1642329
 -122.1642312
 -122.1642296
 -122.1642281
 -122.1642266
 -122.1642253
 -122.1642245
 -122.1642233
 -122.1642221
 -122.1642213
 -122.1642201
 -122.1642191
 -122.164218
 -122.1642169
 -122.1642158
 -122.1642149
 -122.1642138
 -122.1642131
 -122.1642123
 -122.1642115
 -122.164211
 -122.1642103
 -122.1642099
 -122.1642097
 -122.1642095
 -122.1642098
 -122.1642102
 -122.1642102
 -122.1642105
 -122.1642108
 -122.1642114
 -122.1642114
 -122.1642114
 -122.1642123
 -122.1642132
 -122.1642141
 -122.1642152
 -122.1642156
 -122.1642168
 -122.1642178
 -122.1642189
 -122.1642209
 -122.1642233
 -122.1642255
 -122.1642277
 -122.16423
 -122.1642322
 -122.1642344
 -122.1642367
 -122.1642392
 -122.1642422
 -122.1642452
 -122.1642477
 -122.1642511
 -122.1642542
 -122.1642574
 -122.1642605
 -122.1642639
 -122.1642676
 -122.1642715
 -122.1642753
 -122.164279
 -122.1642831
 -122.1642871
 -122.1642912
 -122.1642949
 -122.1642991
 -122.1643034
 -122.1643076
 -122.1643119
 -122.1643163
 -122.1643208
 -122.1643261
 -122.1643305
 -122.1643352
 -122.1643399
 -122.1643446
 -122.1643492
 -122.1643538
 -122.1643585
 -122.1643631
 -122.1643679
 -122.1643728
 -122.1643773
 -122.164382
 -122.1643869
 -122.1643919
 -122.1643968
 -122.1644014
 -122.1644065
 -122.1644115
 -122.1644167
 -122.1644222
 -122.1644275
 -122.1644326
 -122.1644382
 -122.1644432
 -122.1644481
 -122.1644526
 -122.1644575
 -122.1644624
 -122.1644673
 -122.1644723
 -122.1644771
 -122.1644821
 -122.164487
 -122.1644917
 -122.1644963
 -122.1645
 -122.1645043
 -122.1645092
 -122.1645144
 -122.1645189
 -122.1645229
 -122.1645268
 -122.1645309
 -122.1645351
 -122.1645395
 -122.1645438
 -122.1645482
 -122.1645525
 -122.1645569
 -122.1645615
 -122.1645663
 -122.1645711
 -122.1645758
 -122.1645801
 -122.1645845
 -122.1645886
 -122.1645927
 -122.1645968
 -122.1646008
 -122.1646048
 -122.1646086
 -122.1646124
 -122.1646163
 -122.16462
 -122.1646238
 -122.1646275
 -122.1646311
 -122.1646345
 -122.164638
 -122.1646412
 -122.1646447
 -122.1646483
 -122.164652
 -122.1646557
 -122.1646594
 -122.1646634
 -122.1646675
 -122.1646713
 -122.1646753
 -122.1646793
 -122.1646834
 -122.1646874
 -122.1646914
 -122.1646958
 -122.1647001
 -122.1647044
 -122.1647085
 -122.1647127
 -122.1647167
 -122.1647207
 -122.164725
 -122.1647293
 -122.1647338
 -122.1647387
 -122.1647431
 -122.1647473
 -122.1647515
 -122.1647557
 -122.1647598
 -122.1647641
 -122.1647684
 -122.1647724
 -122.1647763
 -122.1647804
 -122.1647844
 -122.1647886
 -122.1647928
 -122.1647973
 -122.1648016
 -122.1648059
 -122.1648101
 -122.1648146
 -122.1648191
 -122.1648238
 -122.1648282
 -122.1648332
 -122.164838
 -122.1648429
 -122.1648479
 -122.1648528
 -122.1648578
 -122.1648625
 -122.1648671
 -122.1648714
 -122.1648755
 -122.1648805
 -122.1648857
 -122.164891
 -122.1648962
 -122.1649014
 -122.164907
 -122.1649123
 -122.1649178
 -122.1649233
 -122.1649289
 -122.1649344
 -122.1649397
 -122.1649452
 -122.1649507
 -122.1649564
 -122.1649622
 -122.1649678
 -122.1649736
 -122.1649795
 -122.1649855
 -122.1649914
 -122.1649973
 -122.165003
 -122.1650091
 -122.1650147
 -122.1650206
 -122.1650265
 -122.1650328
 -122.1650388
 -122.1650452
 -122.1650515
 -122.1650578
 -122.165064
 -122.1650702
 -122.1650768
 -122.1650835
 -122.1650908
 -122.1650977
 -122.1651035
 -122.1651094
 -122.1651154
 -122.1651216
 -122.1651275
 -122.1651339
 -122.1651398
 -122.1651463
 -122.1651529
 -122.1651594
 -122.165166
 -122.1651726
 -122.1651791
 -122.1651853
 -122.1651916
 -122.1651982
 -122.1652043
 -122.1652108
 -122.1652175
 -122.1652241
 -122.1652306
 -122.1652371
 -122.1652437
 -122.1652499
 -122.165256
 -122.1652621
 -122.1652684
 -122.1652748
 -122.1652812
 -122.1652877
 -122.1652942
 -122.165301
 -122.1653076
 -122.1653141
 -122.1653204
 -122.1653268
 -122.1653335
 -122.1653402
 -122.165347
 -122.1653537
 -122.16536
 -122.1653665
 -122.1653732
 -122.1653796
 -122.1653861
 -122.1653924
 -122.1653989
 -122.1654056
 -122.1654121
 -122.1654189
 -122.1654257
 -122.1654324
 -122.1654393
 -122.1654462
 -122.1654534
 -122.1654601
 -122.1654668
 -122.1654738
 -122.1654809
 -122.1654884
 -122.1654954
 -122.1655024
 -122.1655089
 -122.1655157
 -122.1655228
 -122.1655302
 -122.165538
 -122.1655454
 -122.1655524
 -122.1655591
 -122.1655657
 -122.1655723
 -122.1655789
 -122.1655852
 -122.1655917
 -122.1655982
 -122.1656048
 -122.1656111
 -122.1656174
 -122.1656237
 -122.1656299
 -122.1656361
 -122.1656422
 -122.1656483
 -122.1656544
 -122.1656607
 -122.1656667
 -122.1656727
 -122.1656788
 -122.1656849
 -122.1656909
 -122.1656967
 -122.1657025
 -122.1657082
 -122.1657141
 -122.1657201
 -122.1657258
 -122.1657314
 -122.165737
 -122.1657425
 -122.1657481
 -122.1657537
 -122.1657592
 -122.1657645
 -122.1657697
 -122.1657749
 -122.1657799
 -122.1657847
 -122.1657894
 -122.1657939
 -122.1657984
 -122.1658029
 -122.1658073
 -122.1658118
 -122.165816
 -122.1658201
 -122.1658241
 -122.1658279
 -122.1658314
 -122.1658346
 -122.1658378
 -122.1658408
 -122.1658437
 -122.1658464
 -122.1658487
 -122.1658511
 -122.1658533
 -122.1658553
 -122.165857
 -122.1658588
 -122.1658604
 -122.1658616
 -122.1658627
 -122.1658637
 -122.1658645
 -122.1658652
 -122.1658656
 -122.1658659
 -122.165866
 -122.165866
 -122.1658658
 -122.1658654
 -122.1658649
 -122.1658642
 -122.1658632
 -122.1658623
 -122.1658613
 -122.1658601
 -122.1658588
 -122.1658574
 -122.1658561
 -122.1658545
 -122.1658526
 -122.1658508
 -122.1658488
 -122.1658465
 -122.1658442
 -122.1658418
 -122.1658392
 -122.1658365
 -122.1658337
 -122.1658309
 -122.165828
 -122.1658252
 -122.1658223
 -122.1658193
 -122.1658163
 -122.1658132
 -122.16581
 -122.1658068
 -122.1658035
 -122.1658001
 -122.1657969
 -122.1657936
 -122.1657903
 -122.1657871
 -122.1657839
 -122.1657807
 -122.1657776
 -122.1657744
 -122.1657712
 -122.165768
 -122.1657647
 -122.1657615
 -122.1657584
 -122.1657553
 -122.1657521
 -122.165749
 -122.1657459
 -122.1657429
 -122.1657399
 -122.1657369
 -122.1657338
 -122.165731
 -122.1657282
 -122.1657252
 -122.1657223
 -122.1657194
 -122.1657166
 -122.1657138
 -122.165711
 -122.1657083
 -122.1657055
 -122.1657028
 -122.1656999
 -122.1656968
 -122.1656938
 -122.1656907
 -122.1656877
 -122.1656848
 -122.1656819
 -122.1656791
 -122.1656763
 -122.1656737
 -122.165671
 -122.1656683
 -122.1656657
 -122.1656632
 -122.1656605
 -122.1656577
 -122.1656551
 -122.1656523
 -122.1656496
 -122.1656472
 -122.1656449
 -122.1656426
 -122.1656405
 -122.1656383
 -122.1656362
 -122.1656341
 -122.165632
 -122.16563
 -122.165628
 -122.165626
 -122.1656239
 -122.1656217
 -122.1656196
 -122.1656175
 -122.1656152
 -122.1656129
 -122.1656107
 -122.1656082
 -122.1656061
 -122.1656039
 -122.1656015
 -122.1655991
 -122.1655966
 -122.1655943
 -122.1655922
 -122.1655902
 -122.1655882
 -122.165586
 -122.1655838
 -122.1655819
 -122.1655798
 -122.1655777
 -122.1655756
 -122.1655736
 -122.1655716
 -122.1655696
 -122.1655676
 -122.1655657
 -122.1655637
 -122.1655618
 -122.1655599
 -122.1655581
 -122.1655561
 -122.1655543
 -122.1655525
 -122.1655509
 -122.1655493
 -122.1655479
 -122.1655466
 -122.1655454
 -122.1655443
