 31007078
 30779152
 30876083
 31158602
 31266576
 31288730
 31209093
 30897593
 30851557
 30924225
 30688190
 30603408
 30748547
 30934593
 31092854
 30917589
 30814092
 30798918
 30639565
 30792099
 30772573
 30759932
 30782829
 30810161
 30877624
 30894071
 30847883
 30897811
 30884408
 30778887
 31026170
 30833283
 30874657
 30750233
 30625306
 30735950
 30727404
 30802454
 30842320
 30763320
 30747916
 30788367
 30795047
 30849134
 30915461
 30871354
 30968649
 30786774
 30843304
 30838069
 30911087
 30764385
 30826182
 30906401
 30993016
 31160096
 30852746
 31035003
 31188485
 31275253
 31304350
 31323018
 31340271
 31131071
 31273486
 31521012
 31460917
 31572085
 31654004
 31857008
 31670445
 31885200
 31716462
 31618555
 31729469
 32208421
 32333763
 32183248
 32170317
 32602343
 32682064
 33114833
 33415258
 33814340
 34045714
 33942565
 33511954
 33415761
 33286228
 33919547
 34441267
 34927560
 35866301
 363121
 784151
 1027227
 985130
 804631
 557324
 606820
 784754
 1294032
 1428639
 1609403
 1834108
 2006556
 2019979
 2126871
 2186888
 2650678
 3330761
 4094691
 4215239
 4074309
 3846406
 3644230
 3632000
 3627530
 3729593
 3844207
 3854161
 3982988
 3981210
 3855360
 3807194
 3901059
 3927403
 3999679
 3861403
 3776656
 3877641
 3934693
 3943321
 4093160
 4283998
 4209905
 4124285
 4066473
 3986194
 3960776
 4102255
 4163216
 3958147
 3860748
 3740191
 3850513
 4135926
 4015501
 3979624
 3809234
 3660444
 3768746
 3813113
 3670213
 3718810
 3656560
 3417139
 3539265
 3803292
 3967905
 4176327
 4041442
 3909441
 4047896
 4093555
 4082936
 3969333
 3926274
 3826785
 3831425
 3791275
 3827822
 3754181
 4006204
 3908439
 3960209
 3821833
 3746956
 3819740
 3794375
 3674437
 3691329
 3798559
 3445079
 3523300
 3730542
 3847398
 3796263
 3887210
 3909669
 3864133
 3811206
 3765108
 3724912
 3920130
 4109917
 4434085
 4414922
 4564371
 4723404
 4935545
 5261989
 5387932
 5501566
 5683103
 5957206
 6087887
 6511112
 6804976
 7131803
 7363651
 7703395
 8063322
 8365083
 8630558
 8849091
 9121159
 9387926
 9595345
 9803736
 10126887
 10528940
 10821683
 10915427
 11028584
 11233076
 11194002
 11322538
 11673816
 11844657
 11986834
 12091745
 12681078
 13587196
 13770107
 13612910
 13384536
 13209781
 12682399
 12495137
 12368940
 12276829
 12296130
 12387405
 12408816
 12411010
 12457359
 12467107
 12434254
 12434071
 12476436
 12432749
 12459643
 12408398
 12500597
 12539171
 12569120
 12464258
 12516775
 12606428
 12578617
 12503139
 12484319
 12476131
 12672622
 12700890
 12690942
 12737124
 12729716
 12613817
 12616301
 12577879
 12538972
 12708792
 12714480
 12695237
 12685809
 12706831
 12684260
 12512633
 12447049
 12584973
 12613328
 12684083
 12681013
 12694756
 12685896
 12738569
 12709415
 12697543
 12668243
 12668214
 12661547
 12719977
 12732893
 12642597
 12640686
 12614954
 12603784
 12655468
 12618326
 12700414
 12729833
 12751127
 12679683
 12757436
 12786839
 12731531
 12704969
 12735325
 12838264
 12821119
 12819720
 12735808
 12769499
 12741316
 12629990
 12561522
 12703987
 12889201
 13148253
 12968704
 12941422
 12869884
 12833505
 12589973
 12715420
 12703394
 12745595
 12808111
 12946618
 12963725
 12913706
 12872054
 12863771
 12868822
 12875790
 12798447
 12720502
 12700487
 12822519
 12855581
 12850314
 12801549
 12906164
 12888732
 12910272
 12879976
 12904234
 13005765
 12935870
 12901934
 12938225
 13016159
 13149043
 13064723
 13064569
 13013309
 12953622
 12938662
 12931933
 12932435
 12911861
 13515222
 14066122
 14045841
 13833517
 13663135
 13467469
 13385231
 13180342
 12906641
 12798169
 12786856
 12964501
 12938004
 13053950
 13231554
 13503712
 13701698
 13400464
 13194382
 12983324
 13007896
 13103639
 13164027
 13105494
 13041565
 12934316
 12794604
 12706305
 12389522
 12196045
 12123255
 12144666
 12131229
 12014023
 12174958
 12524611
 13052679
 13270383
 13419647
 13413207
 13280459
 13068167
 12843536
 12657597
 12968154
 13587398
 14089500
 14017287
 13616248
 13225634
 12800791
 12580733
 12478478
 12372012
 11983291
 11816924
 12043634
 12188475
 12298721
 12445014
 13018679
 13693070
 13739521
 13789642
 13974452
 14186965
 14311614
 14608078
 15213707
 15282925
 15304738
 15611358
 15493684
 15535349
 15573562
 15617207
 15616068
 15867850
 15954890
 16188845
 16221830
 16245889
 16524919
 16645287
 16916588
 17132293
 17361073
 17835868
 18219383
 18397000
 18408686
 18474819
 18748257
 18606601
 18484434
 18897205
 19345092
 19601625
 19843866
 19688329
 19803278
 19917617
 20044350
 20493753
 20899159
 20872131
 20916467
 21057882
 21048466
 21067097
 21024774
 21097954
 21195730
 21283476
 21308995
 21329078
 21492401
 21483587
 21443547
 21549946
 21565839
 21595823
 21686051
 21618879
 21607070
 21614150
 21658877
 21637455
 21686382
 21679314
 21629242
 21726090
 21713121
 21690141
 21729730
 21768067
 21810187
 21763186
 21701391
 21671177
 21707094
 21751076
 21698717
 21774733
 21778875
 21732744
 21703171
 21775110
 21805434
 21782906
 21738826
 21785082
 21760674
 21789254
 21780789
 21768077
 21824260
 21798390
 21827066
 21754726
 21699321
 21748206
 21692872
 21750347
 21759394
 21855806
 21857107
 21882687
 21844066
 21729799
 21589911
 21626972
 21688551
 21785256
 21822870
 21740149
 21666502
 21761797
 21768449
 21789626
 21718838
 21778737
 21774784
 21766389
 21856391
 21827481
 21815567
 21782188
 21792835
 21807943
 21854506
 21828573
 21862697
 21910262
 21959771
 22007611
 22068647
 22080192
 22111106
 22179874
 22244560
 22288458
 22399657
 22523429
 22534410
 22738405
 22824615
 23019251
 23206193
 23424016
 23600238
 23721619
 23854367
 24017631
 24187697
 24408001
 24678935
 24822134
 25135315
 25307815
 25493061
 25584135
 25937447
 26158723
 26320178
 26368194
 26224126
 26099839
 25966989
 26365232
 26847507
 27089700
 27264118
 27462978
 27616026
 27937788
 28188904
 28585361
 28875100
 28904541
 29059567
 29176803
 29211552
 29207378
 29242458
 29376619
 29356566
 29228494
 29191343
 29533886
 29731953
 29916081
 30002090
 30091461
 30177139
 30286195
 30365114
 30595682
 30563996
 30531467
 30449707
 30480577
 30567484
 30679652
 30776510
 30822472
 30865871
 30837340
 30914313
 30903213
 30931514
 31006239
 31015460
 31062455
 30939391
 30929957
 31009206
 30918706
 30929528
 30884099
 30863991
 30796714
 30946156
 30815316
 30911062
 30959532
 30914652
 30833985
 30856811
 30724010
 30722396
 30710418
 30801626
 30827977
 30773786
 30594073
 30320994
 30342184
 30672270
 30904819
 30971905
 30892962
 30932178
 30929995
 31076284
 30836501
 30515479
 30476318
 30373731
 30348913
 30378152
 30579224
 30613550
 30458535
 30467578
 30522670
 30519157
 30535459
 30556419
 30615738
 30623921
 30668653
 30678142
 30618541
 30617864
 30575902
 30651966
 30638171
 30602425
 30423280
 30440276
 30509583
 30676890
 30750159
 30602701
 30607239
 30616386
 30613334
 30637155
 30681573
 30634371
 30661848
 30638611
 30694001
 30754069
 30753910
 30839443
 30893000
 30976921
 31038541
 30968329
 30772360
 30773499
 30800375
 30703667
 30629686
 30554108
 30400705
 30468813
 30574115
 30727488
 30792812
 30793249
 30682094
 30515525
 30569345
 30672117
 30728420
 30779237
 30797583
 30841594
 30864363
 30909759
 30841531
 30792023
 30866985
 30914289
 30936470
 30940869
 30929293
 30952748
 31013916
 30967162
 30892186
 30971763
 30989579
 30958248
 30912032
 30960966
 31010195
 30954313
 30940047
 30867499
 30775718
 30781701
 30802421
 30798517
 30818177
 30783042
 30771704
 30755861
 30894574
 30917706
 30980949
 30973493
 31008187
 31063717
 31118713
 31104127
 31105703
 31047988
 30975244
 31112919
 31206749
 31319600
 31403202
 31524798
 31664568
 31835755
 32015433
 32086054
 32272436
 32557911
 32586193
 32754555
 32962520
 33210948
 33120442
 33308904
 33809456
 34055099
 34329148
 34633277
 34899679
 35155421
 35530461
 35684233
 35903600
 106445
 420526
 667799
 966622
 1223469
 1258442
 1426356
 1639052
 1929679
 2061433
 2181246
 2428583
 2701060
 2799271
 3068843
 3208969
 3288177
 3403957
 3673911
 3715052
 3781719
 3737100
 3684716
 3662305
 3679967
 3648710
 3644884
 3717358
 3731059
 3762535
 3778140
 3766646
 3703195
 3736596
 3739655
 3744806
 3732526
 3723415
 3767298
 3763480
 3743593
 3752019
 3761572
 3788606
 3778204
 3774090
 3770985
 3798851
 3828453
 3924208
 4021566
 4095725
 4190125
 4242496
 4410582
 4622978
 4858820
 5053401
 5209641
 5358103
 5499222
 5658098
 5825146
 6096270
 6492619
 6722888
 7009521
 7302790
 7538964
 7441668
 7447875
 7370378
 7695073
 8087445
 8858968
 9524021
 9932353
 10350103
 10154151
 9807042
 9595809
 9786591
 10285633
 10684779
 11373550
 11659689
 11652829
 11465004
 11275405
 11236334
 11262035
 11435636
 11545073
 11769285
 11803850
 11796984
 12064887
 11872176
 11899714
 11955260
 11942013
 11881505
 12270030
 12448242
 12399499
 12127031
 12002299
 12304228
 12655756
 12953163
 13131022
 12875729
 12868856
 12931469
 12967501
 13059714
 12938433
 12993151
 12988969
 12977910
 13118839
 13052851
 12992412
 12812352
 12983160
 12941748
 12817084
 12842884
 12880924
 12843425
 12712709
 13031733
 13038715
 12896353
 12927541
