 1.34000003338
 1.34000003338
 1.30999994278
 1.35000002384
 1.45000004768
 1.49000000954
 1.47000002861
 1.5
 1.59000003338
 1.61000001431
 1.61000001431
 1.63999998569
 1.66999995708
 1.75999999046
 1.76999998093
 1.76999998093
 1.79999995232
 1.84000003338
 1.84000003338
 1.89999997616
 1.91999995708
 1.94000005722
 1.99000000954
 2.01999998093
 2.02999997139
 2.02999997139
 2.02999997139
 2.03999996185
 2.09999990463
 2.17000007629
 2.18000006676
 2.16000008583
 2.17000007629
 2.17000007629
 2.22000002861
 2.24000000954
 2.24000000954
 2.25
 2.29999995232
 2.30999994278
 2.27999997139
 2.30999994278
 2.33999991417
 2.3900001049
 2.36999988556
 2.34999990463
 2.3900001049
 2.46000003815
 2.48000001907
 2.45000004768
 2.45000004768
 2.46000003815
 2.51999998093
 2.51999998093
 2.51999998093
 2.54999995232
 2.57999992371
 2.56999993324
 2.55999994278
 2.6099998951
 2.65000009537
 2.65000009537
 2.59999990463
 2.6099998951
 2.70000004768
 2.75
 2.71000003815
 2.68000006676
 2.74000000954
 2.75
 2.76999998093
 2.74000000954
 2.75999999046
 2.83999991417
 2.83999991417
 2.82999992371
 2.82999992371
 2.8599998951
 2.8900001049
 2.8900001049
 2.8900001049
 2.91000008583
 2.92000007629
 2.93000006676
 2.96000003815
 2.98000001907
 3.0
 3.00999999046
 2.99000000954
 3.0
 2.98000001907
 2.97000002861
 2.94000005722
 2.98000001907
 3.02999997139
 3.11999988556
 3.05999994278
 3.0
 2.97000002861
 3.03999996185
 3.03999996185
 3.05999994278
 3.00999999046
 3.00999999046
 3.02999997139
 3.00999999046
 3.03999996185
 3.03999996185
 3.0
 2.99000000954
 3.00999999046
 3.01999998093
 3.03999996185
 3.02999997139
 2.98000001907
 2.99000000954
 3.0
 3.02999997139
 3.00999999046
 2.98000001907
 2.98000001907
 2.99000000954
 3.00999999046
 3.0
 2.99000000954
 2.95000004768
 2.93000006676
 2.92000007629
 2.88000011444
 2.8599998951
 2.84999990463
 2.81999993324
 2.80999994278
 2.79999995232
 2.8900001049
 3.05999994278
 3.05999994278
 3.03999996185
 3.00999999046
 3.01999998093
 2.97000002861
 2.93000006676
 2.92000007629
 2.8900001049
 2.86999988556
 2.84999990463
 2.82999992371
 2.79999995232
 2.77999997139
 2.79999995232
 2.76999998093
 2.78999996185
 2.92000007629
 2.95000004768
 2.92000007629
 2.90000009537
 2.86999988556
 2.86999988556
 2.84999990463
 2.82999992371
 2.80999994278
 2.77999997139
 2.75999999046
 2.75
 2.74000000954
 2.75
 2.78999996185
 2.84999990463
 2.82999992371
 2.82999992371
 2.79999995232
 2.79999995232
 2.75999999046
 2.72000002861
 2.67000007629
 2.6400001049
 2.55999994278
 2.61999988556
 2.71000003815
 2.75
 2.68000006676
 2.51999998093
 2.55999994278
 2.67000007629
 2.6400001049
 2.43000006676
 2.40000009537
 2.5
 2.55999994278
 2.43000006676
 2.32999992371
 2.25999999046
 2.31999993324
 2.33999991417
 2.25
 2.09999990463
 2.06999993324
 2.1099998951
 2.13000011444
 2.07999992371
 2.0
 2.06999993324
 2.16000008583
 2.18000006676
 2.16000008583
 2.13000011444
 2.1099998951
 2.07999992371
 2.06999993324
 2.02999997139
 2.0
 1.98000001907
 1.94000005722
 1.91999995708
 1.90999996662
 1.87999999523
 1.87999999523
 1.85000002384
 1.84000003338
 1.86000001431
 1.90999996662
 2.0
 2.0
 1.99000000954
 1.97000002861
 1.95000004768
 1.94000005722
 1.92999994755
 1.90999996662
 1.89999997616
 1.90999996662
 1.97000002861
 2.02999997139
 2.05999994278
 2.05999994278
 2.05999994278
 2.02999997139
 2.04999995232
 2.03999996185
 2.06999993324
 2.06999993324
 2.06999993324
 2.08999991417
 2.11999988556
 2.13000011444
 2.1099998951
 2.09999990463
 2.08999991417
 2.05999994278
 2.03999996185
 2.02999997139
 2.02999997139
 2.02999997139
 2.02999997139
 2.04999995232
 2.08999991417
 2.1099998951
 2.20000004768
 2.31999993324
 2.36999988556
 2.16000008583
 1.87000000477
 1.90999996662
 2.09999990463
 2.29999995232
 2.3900001049
 2.23000001907
 1.99000000954
 1.99000000954
 2.07999992371
 2.09999990463
 2.13000011444
 2.23000001907
 2.40000009537
 2.5
 2.42000007629
 1.95000004768
 1.89999997616
 2.09999990463
 2.31999993324
 2.42000007629
 2.26999998093
 1.95000004768
 1.99000000954
 2.30999994278
 2.44000005722
 2.31999993324
 2.07999992371
 2.25
 2.36999988556
 2.34999990463
 2.1400001049
 2.16000008583
 2.36999988556
 2.40000009537
 2.31999993324
 2.18000006676
 2.30999994278
 2.41000008583
 2.42000007629
 2.27999997139
 2.28999996185
 2.43000006676
 2.49000000954
 2.44000005722
 2.3599998951
 2.46000003815
 2.52999997139
 2.48000001907
 2.40000009537
 2.42000007629
 2.51999998093
 2.57999992371
 2.54999995232
 2.50999999046
 2.58999991417
 2.63000011444
 2.61999988556
 2.57999992371
 2.61999988556
 2.71000003815
 2.73000001907
 2.71000003815
 2.72000002861
 2.77999997139
 2.79999995232
 2.80999994278
 2.83999991417
 2.8599998951
 2.86999988556
 2.84999990463
 2.86999988556
 2.8900001049
 2.95000004768
 2.96000003815
 2.94000005722
 2.95000004768
 2.99000000954
 3.00999999046
 3.00999999046
 3.03999996185
 3.03999996185
 3.07999992371
 3.06999993324
 3.11999988556
 3.1099998951
 3.11999988556
 3.17000007629
 3.20000004768
 3.19000005722
 3.19000005722
 3.24000000954
 3.26999998093
 3.26999998093
 3.27999997139
 3.29999995232
 3.3599998951
 3.36999988556
 3.41000008583
 3.38000011444
 3.42000007629
 3.41000008583
 3.44000005722
 3.5
 3.5
 3.55999994278
 3.57999992371
 3.57999992371
 3.55999994278
 3.59999990463
 3.63000011444
 3.69000005722
 3.71000003815
 3.71000003815
 3.77999997139
 3.79999995232
 3.79999995232
 3.80999994278
 3.84999990463
 3.90000009537
 3.94000005722
 3.8900001049
 3.90000009537
 3.99000000954
 4.01000022888
 4.01000022888
 3.97000002861
 4.07000017166
 4.13000011444
 4.15999984741
 4.11999988556
 4.13999986649
 4.17999982834
 4.19999980927
 4.21999979019
 4.21000003815
 4.26000022888
 4.28999996185
 4.30999994278
 4.34000015259
 4.34000015259
 4.40000009537
 4.38000011444
 4.38000011444
 4.42999982834
 4.48000001907
 4.46999979019
 4.48000001907
 4.48000001907
 4.48999977112
 4.5
 4.53999996185
 4.53000020981
 4.59000015259
 4.61000013351
 4.61000013351
 4.65000009537
 4.67000007629
 4.69000005722
 4.61999988556
 4.61999988556
 4.67000007629
 4.73999977112
 4.73000001907
 4.73999977112
 4.75
 4.78000020981
 4.80999994278
 4.80999994278
 4.76999998093
 4.69999980927
 4.71000003815
 4.73999977112
 4.73000001907
 4.75
 4.71000003815
 4.67000007629
 4.63000011444
 4.59000015259
 4.57000017166
 4.55000019073
 4.57000017166
 4.53999996185
 4.73000001907
 4.82000017166
 4.78000020981
 4.76999998093
 4.73999977112
 4.71000003815
 4.67000007629
 4.65000009537
 4.63000011444
 4.65000009537
 4.55000019073
 4.53000020981
 4.51999998093
 4.48999977112
 4.48999977112
 4.57999992371
 4.67000007629
 4.67000007629
 4.67000007629
 4.67000007629
 4.67000007629
 4.69000005722
 4.71000003815
 4.71000003815
 4.65000009537
 4.44000005722
 4.38000011444
 4.44000005722
 4.46999979019
 4.48000001907
 4.57999992371
 4.65000009537
 4.67000007629
 4.57999992371
 4.36999988556
 4.34000015259
 4.42999982834
 4.57000017166
 4.59000015259
 4.55000019073
 4.44000005722
 4.40999984741
 4.51999998093
 4.65000009537
 4.69000005722
 4.5
 4.38000011444
 4.42000007629
 4.57000017166
 4.53999996185
 4.51999998093
 4.40999984741
 4.48999977112
 4.57999992371
 4.61999988556
 4.48999977112
 4.40999984741
 4.44999980927
 4.53000020981
 4.53999996185
 4.67000007629
 4.53000020981
 4.44999980927
 4.44999980927
 4.44999980927
 4.48999977112
 4.42999982834
 4.40000009537
 4.40999984741
 4.36999988556
 4.34999990463
 4.34999990463
 4.32999992371
 4.48000001907
 4.57999992371
 4.57999992371
 4.57000017166
 4.53000020981
 4.5
 4.46999979019
 4.46999979019
 4.40999984741
 4.38000011444
 4.38000011444
 4.34999990463
 4.32999992371
 4.30000019073
 4.28999996185
 4.26000022888
 4.32999992371
 4.44999980927
 4.5
 4.48000001907
 4.44000005722
 4.42000007629
 4.38000011444
 4.36999988556
 4.34000015259
 4.30999994278
 4.26999998093
 4.26000022888
 4.23000001907
 4.19999980927
 4.17999982834
 4.17999982834
 4.23000001907
 4.36000013351
 4.36999988556
 4.34000015259
 4.30999994278
 4.30000019073
 4.26999998093
 4.25
 4.21999979019
 4.17000007629
 4.17000007629
 4.17000007629
 4.13000011444
 4.13999986649
 4.11999988556
 4.15999984741
 4.25
 4.23000001907
 4.19000005722
 4.19999980927
 4.17000007629
 4.11999988556
 4.13000011444
 4.11000013351
 4.11999988556
 4.07000017166
 4.07999992371
 4.07000017166
 4.09999990463
 4.07000017166
 4.01000022888
 4.01999998093
 4.03999996185
 4.05000019073
 3.99000000954
 3.94000005722
 4.05000019073
 4.11000013351
 4.07000017166
 4.07999992371
 4.0
 4.01000022888
 3.96000003815
 3.95000004768
 3.94000005722
 3.91000008583
 3.88000011444
 3.8599998951
 3.86999988556
 3.95000004768
 4.0
 4.05000019073
 4.05000019073
 4.01000022888
 4.0
 3.99000000954
 3.97000002861
 3.94000005722
 3.93000006676
 3.95000004768
 3.94000005722
 3.97000002861
 3.94000005722
 3.98000001907
 3.97000002861
 3.98000001907
 3.97000002861
 3.96000003815
 3.97000002861
 3.95000004768
 3.94000005722
 3.92000007629
 3.91000008583
 3.91000008583
 3.95000004768
 4.03000020981
 4.03000020981
 4.01000022888
 4.01000022888
 3.99000000954
 3.99000000954
 4.0
 3.99000000954
 4.01000022888
 3.99000000954
 3.99000000954
 4.01999998093
 3.97000002861
 3.99000000954
 4.0
 3.99000000954
 3.95000004768
 3.93000006676
 3.92000007629
 3.8900001049
 3.92000007629
 3.88000011444
 3.8599998951
 3.8599998951
 3.8599998951
 3.8599998951
 3.8599998951
 3.91000008583
 4.03999996185
 4.13999986649
 4.01999998093
 3.54999995232
 3.52999997139
 3.83999991417
 4.13000011444
 4.01999998093
 3.6099998951
 3.61999988556
 3.77999997139
 3.93000006676
 3.69000005722
 3.66000008583
 3.77999997139
 4.0
 3.95000004768
 3.77999997139
 3.84999990463
 3.94000005722
 4.01999998093
 3.77999997139
 3.75999999046
 3.8599998951
 3.94000005722
 3.92000007629
 3.84999990463
 3.8900001049
 3.91000008583
 3.96000003815
 3.97000002861
 4.01000022888
 4.03000020981
 4.09999990463
 4.11999988556
 4.05000019073
 4.11000013351
 4.13999986649
 4.15999984741
 4.15000009537
 4.17000007629
 4.19000005722
 4.21999979019
 4.26999998093
 4.28000020981
 4.28999996185
 4.30999994278
 4.38000011444
 4.40999984741
 4.42000007629
 4.42000007629
 4.44999980927
 4.5
 4.5
 4.53000020981
 4.5
 4.57000017166
 4.61999988556
 4.65000009537
 4.65999984741
 4.73999977112
 4.69000005722
 4.73999977112
 4.82000017166
 4.88000011444
 4.86999988556
 4.84999990463
 4.84999990463
 4.92000007629
 4.98999977112
 4.98999977112
 5.07000017166
 5.07000017166
 5.07000017166
 5.07000017166
 5.07000017166
 5.15000009537
 5.15000009537
 5.23000001907
 5.23000001907
 5.23000001907
 5.30999994278
 5.30999994278
 5.30999994278
 5.30999994278
 5.40000009537
 5.48000001907
 5.40000009537
 5.40000009537
 5.48000001907
 5.63999986649
 5.55999994278
 5.48000001907
 5.55999994278
 5.55999994278
 5.63999986649
 5.63999986649
 5.63999986649
 5.71999979019
 5.71999979019
 5.71999979019
 5.71999979019
 5.80999994278
 5.88999986649
 5.80999994278
 5.80999994278
 5.88999986649
 5.96999979019
 5.88999986649
 5.80999994278
 5.96999979019
 5.96999979019
 5.96999979019
 5.96999979019
 5.96999979019
 6.05000019073
 5.96999979019
 5.96999979019
 6.05000019073
 6.13000011444
 6.05000019073
 6.05000019073
 6.13000011444
 6.13000011444
 6.13000011444
 6.13000011444
 6.21999979019
 6.21999979019
 6.30000019073
 6.21999979019
 6.05000019073
 6.13000011444
 6.30000019073
 6.38000011444
 6.30000019073
 6.30000019073
 6.38000011444
 6.46000003815
 6.38000011444
 6.30000019073
 6.38000011444
 6.46000003815
 6.46000003815
 6.38000011444
 6.46000003815
 6.46000003815
 6.53999996185
 6.46000003815
 6.46000003815
 6.46000003815
 6.53999996185
 6.53999996185
 6.38000011444
 6.61999988556
 6.61999988556
 6.61999988556
 6.61999988556
 6.53999996185
 6.71000003815
 6.61999988556
 6.61999988556
 6.61999988556
 6.78999996185
 6.78999996185
 6.78999996185
 6.71000003815
 6.71000003815
 6.78999996185
 6.71000003815
 6.71000003815
 6.78999996185
 6.86999988556
 6.86999988556
 6.78999996185
 6.86999988556
 6.86999988556
 6.86999988556
 6.86999988556
 6.86999988556
 6.86999988556
 6.86999988556
 6.86999988556
 6.94999980927
 6.86999988556
 6.86999988556
 6.86999988556
 6.94999980927
 6.86999988556
 6.86999988556
 7.03000020981
 7.03000020981
 7.03000020981
 6.94999980927
 6.94999980927
 7.03000020981
 7.03000020981
 6.94999980927
 6.94999980927
 6.94999980927
 6.94999980927
 7.03000020981
 7.03000020981
 6.94999980927
 6.94999980927
 7.11999988556
 7.11999988556
 7.11999988556
 7.11999988556
 7.11999988556
 7.19999980927
 7.11999988556
 7.11999988556
 7.19999980927
 7.19999980927
 7.11999988556
 7.11999988556
 7.19999980927
 7.19999980927
 7.19999980927
 7.11999988556
 7.19999980927
 7.28000020981
 7.19999980927
 7.19999980927
 7.19999980927
 7.28000020981
 7.28000020981
 7.28000020981
 7.19999980927
 7.11999988556
 7.28000020981
 7.28000020981
 7.28000020981
 7.19999980927
 7.28000020981
 7.19999980927
 7.28000020981
 7.28000020981
 7.28000020981
 7.28000020981
 7.28000020981
 7.28000020981
 7.28000020981
 7.28000020981
 7.36000013351
 7.44000005722
 7.36000013351
 7.28000020981
 7.28000020981
 7.36000013351
 7.36000013351
 7.36000013351
 7.36000013351
 7.36000013351
 7.44000005722
 7.28000020981
 7.28000020981
 7.36000013351
 7.36000013351
 7.44000005722
 7.36000013351
 7.36000013351
 7.36000013351
 7.44000005722
 7.44000005722
 7.36000013351
 7.44000005722
 7.44000005722
 7.44000005722
 7.36000013351
 7.44000005722
 7.44000005722
 7.44000005722
 7.36000013351
 7.36000013351
 7.44000005722
 7.44000005722
 7.44000005722
 7.44000005722
 7.44000005722
 7.51999998093
 7.44000005722
 7.44000005722
 7.44000005722
 7.51999998093
 7.44000005722
 7.51999998093
 7.51999998093
 7.51999998093
 7.51999998093
 7.44000005722
 7.44000005722
 7.44000005722
 7.44000005722
 7.51999998093
 7.51999998093
 7.44000005722
 7.44000005722
 7.44000005722
 7.44000005722
 7.51999998093
 7.51999998093
 7.51999998093
 7.51999998093
 7.61000013351
 7.61000013351
 7.51999998093
 7.51999998093
 7.51999998093
 7.51999998093
 7.51999998093
 7.51999998093
 7.44000005722
 7.51999998093
 7.51999998093
 7.51999998093
 7.51999998093
 7.51999998093
 7.51999998093
 7.61000013351
 7.61000013351
 7.51999998093
 7.44000005722
 7.51999998093
 7.61000013351
 7.61000013351
 7.51999998093
 7.51999998093
 7.51999998093
 7.51999998093
 7.44000005722
 7.36000013351
 7.51999998093
 7.51999998093
 7.51999998093
 7.51999998093
 7.51999998093
 7.51999998093
 7.61000013351
 7.51999998093
 7.51999998093
 7.51999998093
 7.51999998093
 7.51999998093
 7.44000005722
 7.51999998093
 7.44000005722
 7.44000005722
 7.44000005722
 7.44000005722
 7.44000005722
 7.44000005722
 7.44000005722
 7.44000005722
 7.28000020981
 7.36000013351
 7.28000020981
 7.28000020981
 7.19999980927
 7.19999980927
 7.36000013351
 7.44000005722
 7.51999998093
 7.44000005722
 7.44000005722
 7.36000013351
 7.36000013351
 7.36000013351
 7.36000013351
 7.28000020981
 7.28000020981
 7.19999980927
 7.19999980927
 7.11999988556
 7.28000020981
 7.36000013351
 7.36000013351
 7.28000020981
 7.28000020981
 7.28000020981
 7.11999988556
 6.86999988556
 6.78999996185
 6.78999996185
 6.71000003815
 6.71000003815
 6.71000003815
 7.19999980927
 7.36000013351
 7.36000013351
 7.36000013351
 7.28000020981
 7.28000020981
 7.28000020981
 7.19999980927
 7.11999988556
 7.11999988556
 7.03000020981
 6.94999980927
 6.86999988556
 6.86999988556
 6.86999988556
 6.71000003815
 6.78999996185
 6.86999988556
 7.11999988556
 7.11999988556
 7.03000020981
 7.03000020981
 7.03000020981
 6.94999980927
 6.94999980927
 6.86999988556
 6.86999988556
 6.86999988556
 6.78999996185
 6.78999996185
 6.71000003815
 6.71000003815
 6.71000003815
 6.94999980927
 7.03000020981
 7.03000020981
 7.03000020981
 6.94999980927
 6.94999980927
 6.86999988556
 6.86999988556
 6.78999996185
 6.71000003815
 6.71000003815
 6.71000003815
 6.61999988556
 6.61999988556
 6.53999996185
 6.53999996185
 6.61999988556
 6.78999996185
 6.78999996185
 6.78999996185
 6.78999996185
 6.78999996185
 6.71000003815
 6.71000003815
 6.61999988556
 6.61999988556
 6.61999988556
 6.53999996185
 6.53999996185
 6.53999996185
 6.46000003815
 6.46000003815
 6.53999996185
 6.61999988556
 6.71000003815
 6.61999988556
 6.61999988556
 6.53999996185
 6.53999996185
 6.53999996185
 6.46000003815
 6.46000003815
 6.30000019073
 6.21999979019
 6.21999979019
 6.46000003815
 6.46000003815
 6.30000019073
 6.13000011444
 6.13000011444
 6.21999979019
 6.30000019073
 6.05000019073
 5.96999979019
 6.05000019073
 6.05000019073
 6.05000019073
 5.88999986649
 5.80999994278
 5.88999986649
 5.88999986649
 5.80999994278
 5.71999979019
 5.71999979019
 5.80999994278
 5.63999986649
 5.55999994278
 5.55999994278
 5.55999994278
 5.48000001907
 5.48000001907
 5.40000009537
 5.30999994278
 5.30999994278
 5.40000009537
 5.23000001907
 5.23000001907
 5.15000009537
 5.15000009537
 5.15000009537
 5.07000017166
 4.98999977112
 4.98999977112
 4.98999977112
 4.90999984741
 4.90999984741
 4.90999984741
 4.90999984741
 4.82000017166
 4.73999977112
 4.73999977112
 4.73999977112
 4.65999984741
 4.57999992371
 4.5
 4.57999992371
 4.5
 4.5
 4.40999984741
 4.40999984741
 4.32999992371
 4.32999992371
 4.32999992371
 4.25
 4.17000007629
 4.17000007629
 4.17000007629
 4.09000015259
 4.05999994278
 4.03000020981
 4.03999996185
 3.96000003815
 3.94000005722
 3.8599998951
 3.86999988556
 3.84999990463
 3.77999997139
 3.69000005722
 3.70000004768
 3.68000006676
 3.63000011444
 3.61999988556
 3.53999996185
 3.51999998093
 3.49000000954
 3.46000003815
 3.40000009537
 3.3900001049
 3.3599998951
 3.31999993324
 3.28999996185
 3.22000002861
 3.21000003815
 3.19000005722
 3.1400001049
 3.07999992371
 3.05999994278
 3.03999996185
 3.02999997139
 2.98000001907
 2.99000000954
 3.09999990463
 3.1400001049
 3.1099998951
 3.08999991417
 3.06999993324
 3.01999998093
 2.98000001907
 2.97000002861
 2.92000007629
 2.8900001049
 2.84999990463
 2.81999993324
 2.78999996185
 2.76999998093
 2.75999999046
 2.73000001907
 2.72000002861
 2.67000007629
 2.63000011444
 2.6099998951
 2.72000002861
 2.84999990463
 2.80999994278
 2.6400001049
 2.55999994278
 2.6099998951
 2.72000002861
 2.6400001049
 2.53999996185
 2.48000001907
 2.57999992371
 2.57999992371
 2.47000002861
 2.3900001049
 2.46000003815
 2.57999992371
 2.56999993324
 2.55999994278
 2.53999996185
 2.5
 2.5
 2.46000003815
 2.44000005722
 2.42000007629
 2.38000011444
 2.34999990463
 2.32999992371
 2.31999993324
 2.28999996185
 2.27999997139
 2.28999996185
 2.28999996185
 2.34999990463
 2.46000003815
 2.47000002861
 2.49000000954
 2.44000005722
 2.43000006676
 2.43000006676
 2.38000011444
 2.36999988556
 2.3599998951
 2.33999991417
 2.30999994278
 2.30999994278
 2.27999997139
 2.25
 2.25
 2.23000001907
 2.22000002861
 2.23000001907
 2.30999994278
 2.3900001049
 2.38000011444
 2.38000011444
 2.3599998951
 2.3599998951
 2.32999992371
 2.30999994278
 2.30999994278
 2.27999997139
 2.25999999046
 2.25
 2.25
 2.25
 2.25
 2.27999997139
 2.33999991417
 2.38000011444
 2.47000002861
 2.58999991417
 2.53999996185
 2.1400001049
 2.06999993324
 2.17000007629
 2.36999988556
 2.55999994278
 2.52999997139
 2.17000007629
 2.15000009537
 2.27999997139
 2.53999996185
 2.49000000954
 2.32999992371
 2.19000005722
 2.45000004768
 2.55999994278
 2.5
 2.28999996185
 2.28999996185
 2.51999998093
 2.6099998951
 2.53999996185
 2.34999990463
 2.51999998093
 2.6400001049
 2.63000011444
 2.50999999046
 2.48000001907
 2.59999990463
 2.67000007629
 2.6400001049
 2.55999994278
 2.65000009537
 2.70000004768
 2.71000003815
 2.65000009537
 2.66000008583
 2.75999999046
 2.79999995232
 2.79999995232
 2.75
 2.83999991417
 2.86999988556
 2.82999992371
 2.81999993324
 2.82999992371
 2.96000003815
 2.95000004768
 2.90000009537
 2.92000007629
 3.0
 3.05999994278
 3.05999994278
 3.03999996185
 3.09999990463
 3.1400001049
 3.19000005722
 3.19000005722
 3.20000004768
 3.23000001907
 3.24000000954
 3.25999999046
 3.28999996185
 3.33999991417
 3.36999988556
 3.42000007629
 3.44000005722
 3.47000002861
 3.47000002861
 3.53999996185
 3.56999993324
 3.54999995232
 3.51999998093
 3.57999992371
 3.67000007629
 3.70000004768
 3.71000003815
 3.74000000954
 3.84999990463
 3.8900001049
 3.8900001049
 3.90000009537
 3.96000003815
 3.99000000954
 3.98000001907
 3.98000001907
 4.01000022888
 4.17000007629
 4.17000007629
 4.17000007629
 4.19999980927
 4.25
 4.28999996185
 4.36000013351
 4.36000013351
 4.40000009537
 4.46999979019
 4.46999979019
 4.5
 4.51999998093
 4.55000019073
 4.61000013351
 4.63000011444
 4.65000009537
 4.67000007629
 4.73000001907
 4.75
 4.80999994278
 4.80999994278
 4.82000017166
 4.88999986649
 4.90999984741
 4.90999984741
 4.90999984741
 5.07000017166
 4.98999977112
 5.15000009537
 5.15000009537
 5.15000009537
 5.15000009537
 5.23000001907
 5.23000001907
 5.30999994278
 5.30999994278
 5.40000009537
 5.40000009537
 5.48000001907
 5.48000001907
 5.48000001907
 5.55999994278
 5.55999994278
 5.63999986649
 5.63999986649
 5.63999986649
 5.71999979019
 5.71999979019
 5.80999994278
 5.80999994278
 5.80999994278
 5.80999994278
 5.88999986649
 5.88999986649
 5.88999986649
 5.96999979019
 5.96999979019
 5.96999979019
 6.05000019073
 6.05000019073
 6.05000019073
 6.05000019073
 6.05000019073
 6.21999979019
 6.21999979019
 6.21999979019
 6.30000019073
 6.30000019073
 6.21999979019
 6.21999979019
 6.38000011444
 6.38000011444
 6.38000011444
 6.38000011444
 6.46000003815
 6.46000003815
 6.38000011444
 6.38000011444
 6.46000003815
 6.53999996185
 6.53999996185
 6.46000003815
 6.61999988556
 6.61999988556
 6.61999988556
 6.53999996185
 6.53999996185
 6.71000003815
 6.61999988556
 6.61999988556
 6.71000003815
 6.78999996185
 6.78999996185
 6.71000003815
 6.71000003815
 6.78999996185
 6.71000003815
 6.71000003815
 6.71000003815
 6.78999996185
 6.78999996185
 6.71000003815
 6.78999996185
 6.86999988556
 6.78999996185
 6.86999988556
 6.78999996185
 6.86999988556
 6.86999988556
 6.86999988556
 6.86999988556
 6.86999988556
 6.94999980927
 6.86999988556
 6.86999988556
 6.94999980927
 6.86999988556
 7.03000020981
 6.94999980927
 6.94999980927
 6.94999980927
 7.03000020981
 7.11999988556
 7.03000020981
 6.94999980927
 7.03000020981
 7.03000020981
 6.94999980927
 7.03000020981
 7.03000020981
 7.11999988556
 6.94999980927
 6.94999980927
 6.94999980927
 7.03000020981
 7.11999988556
 6.94999980927
 6.94999980927
 7.11999988556
 7.11999988556
 7.11999988556
 7.03000020981
 7.03000020981
 7.11999988556
 7.03000020981
 7.11999988556
 7.03000020981
 7.11999988556
 7.11999988556
 7.03000020981
 7.03000020981
 7.03000020981
 7.03000020981
 7.11999988556
 7.03000020981
 6.94999980927
 6.94999980927
 7.03000020981
 7.03000020981
 7.03000020981
 7.03000020981
 7.03000020981
 7.03000020981
 7.03000020981
 6.94999980927
 6.94999980927
 6.86999988556
 6.86999988556
 6.78999996185
 6.78999996185
 6.78999996185
 6.71000003815
 6.94999980927
 7.03000020981
 7.03000020981
 6.94999980927
 6.94999980927
 6.86999988556
 6.86999988556
 6.86999988556
 6.86999988556
 6.78999996185
 6.71000003815
 6.78999996185
 6.71000003815
 6.71000003815
 6.71000003815
 6.71000003815
 6.86999988556
 6.86999988556
 6.86999988556
 6.78999996185
 6.78999996185
 6.71000003815
 6.71000003815
 6.71000003815
 6.61999988556
 6.61999988556
 6.71000003815
 6.71000003815
 6.71000003815
 6.71000003815
 6.71000003815
 6.61999988556
 6.53999996185
 6.61999988556
 6.61999988556
 6.53999996185
 6.53999996185
 6.53999996185
 6.53999996185
 6.61999988556
 6.61999988556
 6.61999988556
 6.53999996185
 6.53999996185
 6.53999996185
 6.53999996185
 6.46000003815
 6.46000003815
 6.46000003815
 6.46000003815
 6.46000003815
 6.46000003815
 6.46000003815
 6.46000003815
 6.46000003815
 6.46000003815
 6.46000003815
 6.38000011444
 6.38000011444
 6.38000011444
 6.38000011444
 6.30000019073
 6.30000019073
 6.30000019073
 6.30000019073
 6.30000019073
 6.21999979019
 6.30000019073
 6.30000019073
 6.30000019073
 6.30000019073
 6.30000019073
 6.30000019073
 6.30000019073
 6.21999979019
 6.21999979019
 6.13000011444
 6.21999979019
 6.21999979019
 6.13000011444
 6.05000019073
 5.96999979019
 6.05000019073
 6.13000011444
 6.05000019073
 5.88999986649
 5.88999986649
 5.88999986649
 5.96999979019
 5.80999994278
 5.71999979019
 5.80999994278
 5.80999994278
 5.71999979019
 5.63999986649
 5.63999986649
 5.55999994278
 5.55999994278
 5.55999994278
 5.48000001907
 5.40000009537
 5.40000009537
 5.48000001907
 5.30999994278
 5.30999994278
 5.30999994278
 5.23000001907
 5.07000017166
 5.07000017166
 5.07000017166
 5.15000009537
 4.98999977112
 4.98999977112
 4.98999977112
 4.90999984741
 4.82000017166
 4.82000017166
 4.73999977112
 4.73999977112
 4.73999977112
 4.73999977112
 4.57999992371
 4.65999984741
 4.65999984741
 4.5
 4.5
 4.40999984741
 4.5
 4.40999984741
 4.32999992371
 4.40999984741
 4.5
 4.5
 4.5
 4.5
 4.40999984741
 4.40999984741
 4.32999992371
 4.32999992371
 4.32999992371
 4.25
 4.25
 4.25
 4.17000007629
 4.17000007629
 4.09000015259
 4.17000007629
 4.09000015259
 4.09000015259
 4.09000015259
 4.32999992371
 4.40999984741
 4.32999992371
 4.40999984741
 4.32999992371
 4.25
 4.32999992371
 4.17000007629
 4.25
 4.17000007629
 4.17000007629
 4.17000007629
 4.17000007629
 4.09000015259
 4.09000015259
 4.17000007629
 4.25
 4.25
 4.25
 4.25
 4.25
 4.25
 4.17000007629
 4.17000007629
 4.17000007629
 4.17000007629
 4.17000007629
 4.09000015259
 4.07000017166
 4.07000017166
 4.11999988556
 4.17999982834
 4.17000007629
 4.15999984741
 4.15999984741
 4.13000011444
 4.11999988556
 4.09000015259
 4.07999992371
 4.07999992371
 4.09999990463
 4.05999994278
 4.07999992371
 4.07000017166
 4.11999988556
 4.09000015259
 4.11000013351
 4.11000013351
 4.13000011444
 4.13999986649
 4.15000009537
 4.17999982834
 4.26000022888
 4.28000020981
 4.23000001907
 3.92000007629
 3.79999995232
 3.96000003815
 4.15000009537
 4.21000003815
 4.01000022888
 3.80999994278
 3.8599998951
 4.09000015259
 4.05000019073
 3.95000004768
 3.80999994278
 3.99000000954
 4.05000019073
 4.0
 3.8599998951
 3.86999988556
 3.98000001907
 4.03000020981
 3.94000005722
 3.88000011444
 3.93000006676
 3.96000003815
 3.95000004768
 3.8599998951
 3.88000011444
 3.93000006676
 3.94000005722
 3.92000007629
 3.91000008583
 3.98000001907
 4.0
 4.0
 3.98000001907
 3.99000000954
 4.05999994278
 4.05000019073
 4.05000019073
 4.05000019073
 4.07999992371
 4.13999986649
 4.07999992371
 4.11000013351
 4.15000009537
 4.19999980927
 4.23000001907
 4.23000001907
 4.23000001907
 4.28999996185
 4.30000019073
 4.32999992371
 4.32999992371
 4.36999988556
 4.36999988556
 4.42999982834
 4.42999982834
 4.46999979019
 4.48999977112
 4.53999996185
 4.53000020981
 4.57000017166
 4.57000017166
 4.61999988556
 4.65000009537
 4.65999984741
 4.73000001907
 4.69999980927
 4.71000003815
 4.75
 4.82000017166
 4.86999988556
 4.86999988556
 4.88999986649
 4.88999986649
 4.90999984741
 4.98999977112
 4.98999977112
 5.07000017166
 5.07000017166
 5.07000017166
 5.15000009537
 5.15000009537
 5.15000009537
 5.15000009537
 5.23000001907
 5.23000001907
 5.30999994278
 5.23000001907
 5.30999994278
 5.30999994278
 5.40000009537
 5.40000009537
 5.40000009537
 5.48000001907
 5.48000001907
 5.48000001907
 5.48000001907
 5.55999994278
 5.55999994278
 5.55999994278
 5.63999986649
 5.63999986649
 5.63999986649
 5.71999979019
 5.71999979019
 5.63999986649
 5.71999979019
 5.80999994278
 5.80999994278
 5.80999994278
 5.88999986649
 5.88999986649
 5.88999986649
 5.96999979019
 5.96999979019
 5.96999979019
 5.96999979019
 5.96999979019
 6.05000019073
 5.96999979019
 5.96999979019
 6.05000019073
 6.13000011444
 6.05000019073
 6.13000011444
 6.13000011444
 6.21999979019
 6.21999979019
 6.13000011444
 6.21999979019
 6.30000019073
 6.30000019073
 6.30000019073
 6.21999979019
 6.30000019073
 6.38000011444
 6.46000003815
 6.30000019073
 6.38000011444
 6.38000011444
 6.46000003815
 6.38000011444
 6.38000011444
 6.46000003815
 6.53999996185
 6.46000003815
 6.46000003815
 6.53999996185
 6.53999996185
 6.46000003815
 6.38000011444
 6.46000003815
 6.61999988556
 6.61999988556
 6.53999996185
 6.53999996185
 6.61999988556
 6.71000003815
 6.53999996185
 6.53999996185
 6.61999988556
 6.78999996185
 6.71000003815
 6.61999988556
 6.61999988556
 6.61999988556
 6.71000003815
 6.53999996185
 6.61999988556
 6.71000003815
 6.71000003815
 6.71000003815
 6.61999988556
 6.61999988556
 6.71000003815
 6.71000003815
 6.71000003815
 6.61999988556
 6.71000003815
 6.71000003815
 6.71000003815
 6.71000003815
 6.61999988556
 6.71000003815
 6.71000003815
 6.78999996185
 6.71000003815
 6.71000003815
 6.71000003815
 6.78999996185
 6.86999988556
 6.78999996185
 6.78999996185
 6.86999988556
 6.78999996185
 6.86999988556
 6.78999996185
 6.78999996185
 6.78999996185
 6.78999996185
 6.86999988556
 6.78999996185
 6.86999988556
 6.78999996185
 6.86999988556
 6.86999988556
 6.86999988556
 6.78999996185
 6.86999988556
 6.86999988556
 6.78999996185
 6.78999996185
 6.86999988556
 6.86999988556
 6.78999996185
 6.86999988556
 6.86999988556
 6.86999988556
 6.86999988556
 6.78999996185
 6.78999996185
 6.86999988556
 6.86999988556
 6.86999988556
 6.94999980927
 6.86999988556
 6.86999988556
 6.86999988556
 6.86999988556
 6.94999980927
 6.94999980927
 6.94999980927
 6.86999988556
 6.94999980927
 6.94999980927
 6.94999980927
 6.86999988556
 6.86999988556
 6.86999988556
 6.94999980927
 6.86999988556
 6.94999980927
 6.94999980927
 6.94999980927
 6.86999988556
 6.86999988556
 6.94999980927
 6.94999980927
 6.94999980927
 6.86999988556
 6.94999980927
 7.03000020981
 7.11999988556
 6.94999980927
 6.78999996185
 6.94999980927
 7.03000020981
 7.03000020981
 6.94999980927
 6.94999980927
 7.03000020981
 7.11999988556
 6.94999980927
 6.94999980927
 6.94999980927
 7.11999988556
 7.11999988556
 7.03000020981
 6.94999980927
 7.03000020981
 7.11999988556
 7.03000020981
 6.94999980927
 7.03000020981
 7.03000020981
 7.11999988556
 6.94999980927
 7.03000020981
 7.11999988556
 7.11999988556
 7.11999988556
 7.03000020981
 7.11999988556
 7.11999988556
 7.03000020981
 7.11999988556
 7.11999988556
 7.19999980927
 7.19999980927
 7.19999980927
 7.11999988556
 7.19999980927
 7.19999980927
 7.19999980927
 7.03000020981
 7.11999988556
 7.19999980927
 7.19999980927
 7.11999988556
 7.11999988556
 7.11999988556
 7.11999988556
 7.19999980927
 7.11999988556
 7.11999988556
 7.19999980927
 7.19999980927
 7.19999980927
 7.19999980927
 7.19999980927
 7.19999980927
 7.19999980927
 7.19999980927
 7.19999980927
 7.28000020981
 7.28000020981
 7.28000020981
 7.28000020981
 7.19999980927
 7.19999980927
 7.28000020981
 7.28000020981
 7.28000020981
 7.36000013351
 7.28000020981
 7.28000020981
 7.19999980927
 7.28000020981
 7.28000020981
 7.28000020981
 7.28000020981
 7.19999980927
 7.19999980927
 7.19999980927
 7.19999980927
 7.19999980927
 7.19999980927
 7.19999980927
 7.36000013351
 7.36000013351
 7.28000020981
 7.19999980927
 7.28000020981
 7.28000020981
 7.19999980927
 7.28000020981
 7.28000020981
 7.36000013351
 7.28000020981
 7.36000013351
 7.28000020981
 7.28000020981
 7.28000020981
 7.36000013351
 7.36000013351
 7.36000013351
 7.28000020981
 7.28000020981
 7.36000013351
 7.36000013351
 7.36000013351
 7.44000005722
 7.36000013351
 7.36000013351
 7.28000020981
 7.28000020981
 7.36000013351
 7.36000013351
 7.36000013351
 7.36000013351
 7.36000013351
 7.44000005722
 7.28000020981
 7.28000020981
 7.36000013351
 7.36000013351
 7.36000013351
 7.36000013351
 7.36000013351
 7.36000013351
 7.36000013351
 7.44000005722
 7.44000005722
 7.44000005722
 7.44000005722
 7.44000005722
 7.44000005722
 7.44000005722
 7.36000013351
 7.36000013351
 7.44000005722
 7.36000013351
 7.36000013351
 7.36000013351
 7.36000013351
 7.44000005722
 7.44000005722
 7.44000005722
 7.36000013351
 7.44000005722
 7.51999998093
 7.44000005722
 7.44000005722
 7.36000013351
 7.44000005722
 7.36000013351
 7.36000013351
 7.36000013351
 7.36000013351
 7.44000005722
 7.44000005722
 7.36000013351
 7.36000013351
 7.36000013351
 7.36000013351
 7.36000013351
 7.36000013351
 7.36000013351
 7.44000005722
 7.28000020981
 7.28000020981
 7.19999980927
 7.19999980927
 7.19999980927
 7.11999988556
 7.11999988556
 7.28000020981
 7.28000020981
 7.44000005722
 7.44000005722
 7.36000013351
 7.36000013351
 7.28000020981
 7.36000013351
 7.28000020981
 7.19999980927
 7.19999980927
 7.19999980927
 7.03000020981
 7.11999988556
 7.11999988556
 7.03000020981
 7.11999988556
 7.19999980927
 7.19999980927
 7.19999980927
 7.19999980927
 7.19999980927
 7.11999988556
 7.03000020981
 7.11999988556
 7.03000020981
 6.94999980927
 6.94999980927
 6.94999980927
 7.03000020981
 7.19999980927
 7.11999988556
 7.03000020981
 7.03000020981
 7.03000020981
 7.03000020981
 7.03000020981
 6.94999980927
 6.94999980927
 6.86999988556
 6.94999980927
 6.94999980927
 7.03000020981
 6.94999980927
 6.94999980927
 6.94999980927
 6.94999980927
 6.94999980927
 6.86999988556
 6.86999988556
 6.86999988556
 6.86999988556
 6.86999988556
 6.86999988556
 6.86999988556
 6.86999988556
 6.78999996185
 6.71000003815
 6.78999996185
 6.78999996185
 6.78999996185
 6.71000003815
 6.71000003815
 6.61999988556
 6.71000003815
 6.61999988556
 6.53999996185
 6.53999996185
 6.53999996185
 6.53999996185
 6.46000003815
 6.38000011444
 6.38000011444
 6.38000011444
 6.38000011444
 6.30000019073
 6.21999979019
 6.21999979019
 6.30000019073
 6.30000019073
 6.30000019073
 6.30000019073
 6.30000019073
 6.21999979019
 6.13000011444
 6.21999979019
 6.21999979019
 6.13000011444
 6.13000011444
 6.13000011444
 6.05000019073
 6.13000011444
 6.05000019073
 5.96999979019
 6.05000019073
 6.05000019073
 6.05000019073
 6.05000019073
 5.96999979019
 5.88999986649
 5.96999979019
 5.88999986649
 5.88999986649
 5.88999986649
 5.80999994278
 5.80999994278
 5.88999986649
 5.88999986649
 5.71999979019
 5.71999979019
 5.71999979019
 5.71999979019
 5.63999986649
 5.55999994278
 5.48000001907
 5.48000001907
 5.55999994278
 5.48000001907
 5.48000001907
 5.40000009537
 5.30999994278
 5.30999994278
 5.23000001907
 5.15000009537
 5.23000001907
 5.15000009537
 5.15000009537
 5.07000017166
 5.07000017166
 4.98999977112
 4.98999977112
 4.90999984741
 4.90999984741
 4.82000017166
 4.73999977112
 4.73999977112
 4.73999977112
 4.65999984741
 4.57999992371
 4.57999992371
 4.57999992371
 4.57999992371
 4.5
 4.40999984741
 4.32999992371
 4.40999984741
 4.32999992371
 4.25
 4.17000007629
 4.25
 4.17000007629
 4.17000007629
 4.07000017166
 4.03999996185
 4.03000020981
 3.94000005722
 3.8900001049
 3.8599998951
 3.84999990463
 3.79999995232
 3.77999997139
 3.75
 3.76999998093
 3.73000001907
 3.69000005722
 3.63000011444
 3.6099998951
 3.55999994278
 3.57999992371
 3.57999992371
 3.67000007629
 3.71000003815
 3.71000003815
 3.65000009537
 3.61999988556
 3.6099998951
 3.59999990463
 3.56999993324
 3.52999997139
 3.51999998093
 3.48000001907
 3.49000000954
 3.48000001907
 3.56999993324
 3.61999988556
 3.67000007629
 3.66000008583
 3.6400001049
 3.65000009537
 3.6099998951
 3.58999991417
 3.57999992371
 3.55999994278
 3.54999995232
 3.54999995232
 3.53999996185
 3.51999998093
 3.52999997139
 3.56999993324
 3.56999993324
 3.57999992371
 3.55999994278
 3.57999992371
 3.53999996185
 3.53999996185
 3.51999998093
 3.51999998093
 3.5
 3.51999998093
 3.51999998093
 3.51999998093
 3.54999995232
 3.54999995232
 3.6099998951
 3.6400001049
 3.74000000954
 3.56999993324
 3.41000008583
 3.28999996185
 3.47000002861
 3.57999992371
 3.61999988556
 3.40000009537
 3.30999994278
 3.46000003815
 3.63000011444
 3.61999988556
 3.40000009537
 3.38000011444
 3.49000000954
 3.6099998951
 3.49000000954
 3.43000006676
 3.48000001907
 3.67000007629
 3.6400001049
 3.48000001907
 3.46000003815
 3.50999999046
 3.65000009537
 3.53999996185
 3.47000002861
 3.52999997139
 3.68000006676
 3.67000007629
 3.55999994278
 3.61999988556
 3.67000007629
 3.70000004768
 3.66000008583
 3.63000011444
 3.72000002861
 3.80999994278
 3.78999996185
 3.72000002861
 3.77999997139
 3.81999993324
 3.8900001049
 3.78999996185
 3.79999995232
 3.90000009537
 3.96000003815
 3.92000007629
 3.88000011444
 3.94000005722
 4.01000022888
 4.01000022888
 4.01000022888
 3.98000001907
 4.03000020981
 4.11000013351
 4.09000015259
 4.07000017166
 4.13000011444
 4.19999980927
 4.17000007629
 4.15000009537
 4.19999980927
 4.21999979019
 4.25
 4.28000020981
 4.28999996185
 4.28000020981
 4.34999990463
 4.36999988556
 4.36999988556
 4.40000009537
 4.42999982834
 4.44999980927
 4.53000020981
 4.44999980927
 4.46999979019
 4.53999996185
 4.57999992371
 4.55000019073
 4.53999996185
 4.53999996185
 4.59000015259
 4.65000009537
 4.61000013351
 4.59000015259
 4.63000011444
 4.63000011444
 4.55000019073
 4.53000020981
 4.61000013351
 4.59000015259
 4.61999988556
 4.61999988556
 4.65999984741
 4.61999988556
 4.57000017166
 4.53999996185
 4.48999977112
 4.46999979019
 4.48000001907
 4.42000007629
 4.40000009537
 4.40000009537
 4.46999979019
 4.57000017166
 4.69000005722
 4.69999980927
 4.65000009537
 4.65000009537
 4.59000015259
 4.61000013351
 4.53999996185
 4.51999998093
 4.48999977112
 4.44999980927
 4.42000007629
 4.42000007629
 4.40000009537
 4.34999990463
 4.32999992371
 4.34999990463
 4.36000013351
 4.44000005722
 4.48999977112
 4.51999998093
 4.46999979019
 4.42999982834
 4.42000007629
 4.40000009537
 4.38000011444
 4.34000015259
 4.32999992371
 4.32999992371
 4.26000022888
 4.26000022888
 4.21999979019
 4.17000007629
 4.13000011444
 4.15000009537
 4.26000022888
 4.23000001907
 4.13000011444
 4.01999998093
 4.05000019073
 4.09000015259
 4.01000022888
 3.92000007629
 3.81999993324
 3.8900001049
 3.86999988556
 3.80999994278
 3.69000005722
 3.67000007629
 3.65000009537
 3.66000008583
 3.6400001049
 3.50999999046
 3.48000001907
 3.49000000954
 3.44000005722
 3.32999992371
 3.29999995232
 3.34999990463
 3.33999991417
 3.29999995232
 3.19000005722
 3.15000009537
 3.16000008583
 3.15000009537
 3.11999988556
 3.09999990463
 3.05999994278
 3.02999997139
 3.02999997139
 3.13000011444
 3.18000006676
 3.15000009537
 3.13000011444
 3.1099998951
 3.07999992371
 3.05999994278
 3.02999997139
 3.01999998093
 3.01999998093
 2.98000001907
 2.95000004768
 2.95000004768
 2.93000006676
 2.96000003815
 3.1099998951
 3.15000009537
 3.17000007629
 3.11999988556
 3.08999991417
 3.09999990463
 3.08999991417
 3.05999994278
 3.04999995232
 3.07999992371
 3.15000009537
 3.18000006676
 3.17000007629
 3.18000006676
 3.15000009537
 3.1099998951
 3.11999988556
 3.09999990463
 3.06999993324
 3.03999996185
 3.03999996185
 3.01999998093
 3.0
 2.99000000954
 2.95000004768
 2.94000005722
 2.92000007629
 2.90000009537
 2.86999988556
 2.86999988556
 2.81999993324
 2.81999993324
 2.76999998093
 2.73000001907
 2.70000004768
 2.70000004768
 2.68000006676
 2.6400001049
 2.61999988556
 2.58999991417
 2.57999992371
 2.56999993324
 2.53999996185
 2.50999999046
 2.5
 2.47000002861
 2.45000004768
 2.43000006676
 2.3900001049
 2.31999993324
 2.28999996185
 2.25
 2.22000002861
 2.20000004768
 2.18000006676
 2.16000008583
 2.15000009537
 2.1400001049
 2.1400001049
 2.15000009537
 2.15000009537
 2.17000007629
 2.18000006676
 2.22000002861
 2.27999997139
 2.28999996185
 2.34999990463
 2.43000006676
 2.44000005722
 2.48000001907
 2.16000008583
 1.99000000954
 2.0
 2.13000011444
 2.20000004768
 2.33999991417
 2.34999990463
 2.20000004768
 1.98000001907
 2.1400001049
 2.26999998093
 2.44000005722
 2.20000004768
 2.06999993324
 2.17000007629
 2.46000003815
 2.5
 2.29999995232
 2.16000008583
 2.25
 2.5
 2.3900001049
 2.25999999046
 2.23000001907
 2.48000001907
 2.53999996185
 2.41000008583
 2.27999997139
 2.30999994278
 2.5
 2.47000002861
 2.3900001049
 2.33999991417
 2.46000003815
 2.5
 2.49000000954
 2.41000008583
 2.43000006676
 2.53999996185
 2.46000003815
 2.41000008583
 2.40000009537
 2.49000000954
 2.52999997139
 2.55999994278
 2.45000004768
 2.41000008583
 2.44000005722
 2.50999999046
 2.53999996185
 2.50999999046
 2.43000006676
 2.42000007629
 2.5
 2.5
 2.47000002861
 2.38000011444
 2.3599998951
 2.36999988556
 2.3599998951
 2.3599998951
 2.33999991417
 2.31999993324
 2.30999994278
 2.29999995232
 2.27999997139
 2.30999994278
 2.3599998951
 2.44000005722
 2.44000005722
 2.43000006676
 2.43000006676
 2.40000009537
 2.3900001049
 2.3599998951
 2.34999990463
 2.32999992371
 2.32999992371
 2.28999996185
 2.28999996185
 2.26999998093
 2.25
 2.25
 2.24000000954
 2.24000000954
 2.25
 2.26999998093
 2.27999997139
 2.29999995232
 2.26999998093
 2.26999998093
 2.25999999046
 2.25
 2.23000001907
 2.23000001907
 2.22000002861
 2.20000004768
 2.19000005722
 2.18000006676
 2.17000007629
 2.16000008583
 2.16000008583
 2.17000007629
 2.16000008583
 2.16000008583
 2.15000009537
 2.16000008583
 2.16000008583
 2.13000011444
 2.13000011444
 2.1099998951
 2.05999994278
 2.03999996185
 1.97000002861
 1.87999999523
 1.87000000477
 1.95000004768
 1.98000001907
 1.95000004768
 1.80999994278
 1.75
 1.79999995232
 1.80999994278
 1.70000004768
 1.62999999523
 1.59000003338
 1.62999999523
 1.62000000477
 1.51999998093
 1.42999994755
 1.41999995708
 1.42999994755
 1.37000000477
 1.33000004292
 1.25
 1.25
 1.24000000954
 1.17999994755
